0.371696
0.510975
1.42509
0.480882
1.29148
1.73778
0.403056
1.36125
0.311332
0.401904
0.454093
0.576126
0.764432
0.433731
0.402575
0.490939
0.770704
0.598799
0.548085
1.44824
0.932734
1.05577
0.222917
0.759855
0.443888
0.201559
0.216605
0.59472
0.233655
0.477175
0.41975
0.359971
0.360835
0.62183
0.628434
0.467513
0.615272
0.286193
0.687035
0.741959
0.77248
0.42158
0.676405
0.608616
0.497668
0.46989
0.349924
0.302591
0.395966
0.36051
0.280451
0.429383
0.267606
0.421704
0.281174
0.278762
0.558508
0.967111
0.746161
0.312122
0.377623
0.900113
0.273375
0.527642
0.748001
0.276838
0.80576
0.359965
0.486671
0.779901
0.26834
0.226323
0.198496
0.425645
0.573047
0.259526
0.237845
0.549856
0.184927
0.179383
0.0966346
0.101297
0.321234
0.503305
0.393218
0.098261
0.152534
0.192634
0.329359
0.433574
0.348439
0.338131
0.371277
0.702472
0.156525
0.326206
0.161756
0.281473
0.149005
0.189302
0.172375
0.280358
0.441346
0.302427
0.669151
0.177236
0.466592
0.64024
0.247842
0.622543
0.187955
0.165231
0.374882
0.404107
0.347798
0.57563
0.241642
0.712615
0.125427
0.179927
0.124179
0.369922
0.258042
0.10335
0.145962
0.172452
0.184912
0.0814451
0.152808
0.252766
0.121193
0.106567
0.0922363
0.152119
0.439753
0.228035
0.250201
0.111462
0.227977
0.138248
0.247589
0.243401
0.123035
0.182623
0.345479
0.104399
0.225304
0.195483
0.30848
0.176623
0.125575
0.2632
0.424311
0.156633
0.406429
0.27067
0.135116
0.326989
0.24323
0.346456
0.347488
0.389737
0.34786
0.118814
0.130801
0.377776
0.265493
0.119457
0.200951
0.195466
0.304052
0.189391
0.11179
0.33306
0.165637
0.198749
0.188047
0.203624
0.246277
0.36295
0.235095
0.342546
0.26151
0.145691
0.218965
0.374463
0.145579
0.144458
0.22992
0.362394
0.151488
0.220362
0.16398
0.132333
0.158971
0.25512
0.152958
0.122488
0.121872
0.107115
0.165574
0.21324
0.0966658
0.0983749
0.211309
0.0751761
0.0890114
0.34841
0.182866
0.215495
0.106689
0.0876963
0.181801
0.1794
0.0983002
0.10677
0.0801826
0.0712648
0.173162
0.102718
0.0844509
0.104603
0.0697248
0.214867
0.168877
0.147782
0.167001
0.157402
0.115753
0.102791
0.115341
0.106158
0.190237
0.117859
0.0986899
0.089803
0.244603
0.174134
0.15326
0.170692
0.159542
0.187043
0.211021
0.149437
0.32548
0.205911
0.157281
0.0808101
0.209108
0.22154
0.083851
0.208468
0.091758
0.0998614
0.0975753
0.150007
0.225911
0.159065
0.103427
0.123848
0.0954709
0.104726
0.157767
0.128187
0.110826
0.0814012
0.210696
0.153139
0.0892927
0.0611432
0.141809
0.121868
0.0862635
0.146587
0.103492
0.104422
0.136226
0.14954
0.158462
0.160448
0.096178
0.105227
0.0791806
0.147824
0.0986293
0.0694642
0.168922
0.0788017
0.0928229
0.127649
0.157344
0.0845274
0.0560206
0.0906175
0.1069
0.144224
0.113492
0.0934781
0.0839712
0.103943
0.145593
0.140744
0.0954443
0.153493
0.0842905
0.138406
0.130521
0.148363
0.139116
0.106023
0.217234
0.0914408
0.0839373
0.156713
0.205576
0.123422
0.112577
0.25138
0.117437
0.0904552
0.121455
0.12393
0.0897413
0.110993
0.0993628
0.134875
0.135224
0.14389
0.145091
0.108285
0.107556
0.119219
0.0612235
0.0876126
0.0759977
0.129462
0.077551
0.12115
0.120121
0.122819
0.076668
0.102094
0.0838118
0.0869934
0.080447
0.095721
0.0771967
0.080522
0.0709212
0.070734
0.0831905
0.0798102
0.0774763
0.0826012
0.0759771
0.107181
0.0960817
0.051867
0.0694892
0.0522183
0.0755127
0.181927
0.094151
0.105625
0.0502191
0.0771926
0.0786514
0.0782437
0.0765197
0.104184
0.156477
0.0906914
0.0443352
0.0959864
0.103617
0.102776
0.0827455
0.0549661
0.0835996
0.135157
0.0556865
0.0552443
0.0785875
0.246456
0.127033
0.0982538
0.0591412
0.0878044
0.166831
0.104529
0.083275
0.204021
0.06861
0.0860266
0.159846
0.0690305
0.0806417
0.262961
0.0594396
0.119043
0.0559174
0.0650536
0.0711949
0.0675322
0.0956398
0.0515182
0.0935103
0.0494071
0.0481139
0.0982509
0.0907805
0.0665052
0.0381614
0.0662721
0.0472336
0.0642966
0.0643089
0.0331053
0.0610787
0.1149
0.0436044
0.06093
0.0462336
0.127501
0.0948046
0.0372323
0.0906283
0.0610604
0.0493587
0.0839741
0.208342
0.0476355
0.0608189
0.0774024
0.0675215
0.187459
0.179007
0.0958789
0.145546
0.0759056
0.0459716
0.171442
0.0950574
0.0494248
0.146699
0.0490354
0.0528299
0.126868
0.0744931
0.0477783
0.0776511
0.0565556
0.0777087
0.0754378
0.0320477
0.0631413
0.0592683
0.032398
0.0965754
0.0507459
0.0320755
0.0446661
0.0693376
0.100249
0.0718999
0.0350531
0.0618699
0.0426817
0.0776674
0.045303
0.0472822
0.0444471
0.0517636
0.057883
0.0516111
0.0626549
0.0788536
0.0499767
0.0359821
0.0372618
0.0637148
0.0502059
0.0638425
0.0673603
0.0420703
0.0823797
0.117152
0.0203238
0.0686817
0.0550561
0.051034
0.0399882
0.125146
0.0385426
0.0425579
0.110596
0.0431264
0.036834
0.0234765
0.0651452
0.045243
0.0333676
0.0331406
0.113769
0.0566978
0.0453846
0.0450498
0.1097
0.0437011
0.0229668
0.0662233
0.0873088
0.0332567
0.0871171
0.0230482
0.0225907
0.0339632
0.0248506
0.0633262
0.106904
0.0632751
0.0422962
0.0621579
0.0342932
0.0744517
0.0805957
0.102419
0.0282217
0.0353365
0.043869
0.0816443
0.015307
0.0784214
0.0152779
0.019851
0.019741
0.0309408
0.0159637
0.0361723
0.030872
0.0304113
0.0607658
0.0194103
0.070234
0.0764977
0.0317594
0.045804
0.07522
0.0656833
0.0746987
0.0702054
0.0192815
0.0885709
0.0735303
0.0400563
0.0200295
0.0631895
0.05379
0.0227965
0.03872
0.0949194
0.0838475
0.0398071
0.0832865
0.0644295
0.022918
0.0330864
0.0467486
0.0594498
0.0767531
0.0463111
0.0709528
0.0828114
0.0521072
0.0734316
0.0524718
0.0473169
0.0767711
0.0295711
0.0418474
0.0847553
0.04717
0.0459094
0.0352802
0.0474396
0.0245671
0.0389045
0.0448646
0.0403148
0.0485067
0.05357
0.0387469
0.0253053
0.0401722
0.0531372
0.0379249
0.0530256
0.0227107
0.0279063
0.0323293
0.0322923
0.0280366
0.0240982
0.0279053
0.0465443
0.022619
0.0310647
0.0271606
0.0464816
0.0406687
0.0344716
0.0147517
0.0413889
0.0104625
0.0151456
0.0148386
0.0177017
0.0416532
0.0441434
0.0508185
0.0106153
0.0103993
0.0340549
0.0415179
0.0486317
0.0108284
0.0222447
0.0149686
0.0129462
0.046632
0.0123021
0.0124228
0.0447095
0.0172203
0.0414322
0.0132949
0.0133411
0.0187557
0.0175772
0.0125845
0.0192133
0.0191784
0.0347598
0.0186871
0.0409295
0.0358335
0.0110434
0.0186962
0.011037
0.0119462
0.0127035
0.0117858
0.0260534
0.0110841
0.0110187
0.0110038
0.0457931
0.0110164
0.0400003
0.0491382
0.0226301
0.0272078
0.022748
0.0206585
0.0229113
0.0425781
0.02252
0.0233774
0.0270573
0.0224199
0.0389878
0.0170241
0.0271521
0.0216431
0.0190315
0.0542812
0.016495
0.0173189
0.0189625
0.0162518
0.0431282
0.0585303
0.0163585
0.0161593
0.0345745
0.0167056
0.0415544
0.0131585
0.0139579
0.0202052
0.0159032
0.0413314
0.0378086
0.0208649
0.0227819
0.046061
0.0226227
0.0419014
0.024428
0.0967197
0.0609011
0.0318339
0.0638062
0.0266821
0.0244467
0.0479349
0.0137788
0.0640649
0.0665354
0.0609025
0.0441738
0.0140654
0.0399747
0.0423312
0.0341006
0.020297
0.0499529
0.0326656
0.0204901
0.038019
0.0344474
0.0275265
0.0251775
0.0378678
0.0271535
0.0325169
0.0271823
0.0204226
0.0204527
0.0172273
0.0669705
0.0346913
0.0228588
0.0787979
0.0348837
0.0190016
0.0162191
0.0294088
0.0426922
0.061301
0.0192504
0.0257886
0.0188232
0.00911196
0.0469001
0.0252664
0.0438917
0.0408737
0.0231861
0.0594008
0.0553708
0.0288501
0.0371644
0.0362554
0.0260894
0.025695
0.0260586
0.05485
0.044982
0.0482806
0.0254383
0.0530116
0.0542356
0.044201
0.0228744
0.0284239
0.024717
0.0151707
0.0252816
0.0147945
0.0216503
0.0144848
0.0327964
0.0146777
0.0148922
0.0150966
0.0298834
0.0402177
0.011371
0.0164026
0.00997837
0.0104502
0.0153437
0.047605
0.0160633
0.0105851
0.0182164
0.0213958
0.0103365
0.0108899
0.0202179
0.0291105
0.0160019
0.0159181
0.0159146
0.0467723
0.0195344
0.0336101
0.0275721
0.0321156
0.032538
0.018359
0.0355705
0.043208
0.0164057
0.0193798
0.0289764
0.0259612
0.0243443
0.0253105
0.0240802
0.0240132
0.0128028
0.0242796
0.0485367
0.0192154
0.0585131
0.0224526
0.0995315
0.0699292
0.106634
0.0716718
0.0513587
0.0429313
0.0518147
0.042837
0.0231212
0.0762778
0.0229921
0.0510011
0.0256475
0.0227603
0.085559
0.0331587
0.0447624
0.0443039
0.0764732
0.0474234
0.0521451
0.0510572
0.0208542
0.0561968
0.0423975
0.092328
0.0643089
0.0467064
0.0796997
0.0605142
0.0574399
0.0632
0.0384963
0.0486043
0.0403897
0.0781499
0.0376991
0.0631977
0.0442131
0.0484593
0.035337
0.0394417
0.0924233
0.0409411
0.0449904
0.0324681
0.0547933
0.0384518
0.033414
0.0605554
0.027701
0.0611034
0.0479936
0.0279834
0.0339093
0.0574535
0.059055
0.0590307
0.028488
0.048344
0.0562997
0.0339941
0.0614894
0.0863442
0.0434421
0.0638658
0.0376176
0.0670055
0.0370076
0.0448994
0.042047
0.0415543
0.046056
0.0583594
0.0443037
0.0362741
0.048724
0.0594783
0.0365329
0.0314414
0.0473111
0.0660154
0.0479608
0.0424121
0.0554216
0.0421811
0.0428324
0.0474073
0.0525766
0.0205076
0.037386
0.0372475
0.0207285
0.0462436
0.0544811
0.0268681
0.0524526
0.0355353
0.0247916
0.0382091
0.0543967
0.0459038
0.0311765
0.0311129
0.0522998
0.0265048
0.0556421
0.0265844
0.0534155
0.0515374
0.0375265
0.0503032
0.0453857
0.0506312
0.0336236
0.0575567
0.027425
0.0270892
0.0283212
0.0282515
0.0282764
0.0283647
0.0346588
0.0584151
0.0557348
0.0341306
0.0337988
0.0565458
0.0280539
0.0281464
0.0339549
0.0399009
0.0298072
0.0311078
0.0426339
0.0626048
0.0236555
0.024195
0.0462379
0.0349047
0.023663
0.0763106
0.0576391
0.0654733
0.065834
0.0462558
0.0463507
0.0491943
0.0238524
0.0319088
0.03777
0.0611408
0.0272407
0.0271506
0.0385626
0.0547089
0.0496785
0.0309633
0.0506343
0.0296783
0.0520088
0.0615101
0.0280952
0.0212292
0.0664451
0.0513617
0.0605828
0.0707874
0.046497
0.0317306
0.0281425
0.0411705
0.0682327
0.0413717
0.0674578
0.0397685
0.057061
0.0735635
0.0810272
0.0314861
0.0312685
0.0552771
0.0826105
0.0278746
0.0325345
0.0402599
0.0279254
0.0299075
0.0812331
0.0955938
0.0945299
0.0842439
0.0433574
0.0439817
0.047794
0.0342071
0.080691
0.0308772
0.0321126
0.0293063
0.0343479
0.092333
0.0426938
0.0932139
0.0214175
0.0795171
0.0153913
0.0284667
0.0427659
0.0270012
0.0188079
0.0433117
0.0392229
0.0884099
0.0528468
0.0440411
0.0438471
0.0163298
0.0177051
0.0377532
0.0248639
0.102682
0.0409644
0.0540453
0.0361331
0.0244183
0.0612218
0.0710696
0.0444376
0.0135746
0.0234646
0.0699435
0.0401127
0.0847934
0.067407
0.0491039
0.0389036
0.0641978
0.0720425
0.101907
0.0573672
0.102785
0.0856428
0.0474963
0.058938
0.0530274
0.0778306
0.0637769
0.0457908
0.045434
0.0480534
0.0317622
0.035367
0.0270871
0.0386694
0.0265368
0.0385736
0.031736
0.0355359
0.0317253
0.031701
0.0384345
0.0354582
0.0458071
0.0386774
0.0382427
0.0298623
0.0452448
0.0748056
0.0387266
0.0607557
0.0470192
0.0266338
0.0566655
0.0574025
0.0369393
0.0506624
0.0274154
0.0416767
0.0285924
0.0555081
0.031517
0.0421965
0.039094
0.041995
0.0301666
0.0254001
0.0313031
0.0577094
0.0305341
0.0551976
0.0429326
0.0429523
0.042532
0.0429149
0.0440116
0.0431167
0.044124
0.0509077
0.0257579
0.0443155
0.0427771
0.0537828
0.0592188
0.0495712
0.0469225
0.0275242
0.0566392
0.0489638
0.0338432
0.0342755
0.0469481
0.0504785
0.0448972
0.0375277
0.048909
0.0331122
0.0385333
0.0405469
0.040659
0.047095
0.0374307
0.051398
0.0472844
0.0229796
0.0460783
0.0510342
0.0414738
0.0252412
0.0329125
0.0288335
0.054609
0.0407022
0.0345765
0.0486574
0.0385233
0.0464952
0.0379
0.0269395
0.0436034
0.0395701
0.0435441
0.0362465
0.037689
0.0396274
0.0364945
0.0349125
0.0351399
0.0349966
0.035014
0.0360441
0.0393124
0.0294721
0.031404
0.0370388
0.0590319
0.0533632
0.057119
0.0265778
0.067081
0.0595199
0.054289
0.0413154
0.0491124
0.0617912
0.0445361
0.0496109
0.0548783
0.0508579
0.0285529
0.0606532
0.0398702
0.0343662
0.0291293
0.0277821
0.027541
0.0513498
0.0329691
0.0485045
0.0564487
0.0447763
0.0293726
0.0634508
0.0453854
0.0454148
0.0352182
0.0414716
0.0370513
0.0442677
0.0628645
0.0451178
0.0249936
0.044927
0.028623
0.0387194
0.042472
0.0393721
0.0386407
0.0348394
0.0319448
0.0348666
0.0196938
0.0427481
0.031283
0.0384508
0.0391565
0.045646
0.022544
0.039076
0.0376316
0.0221937
0.0353181
0.0495646
0.0402066
0.0492332
0.0390179
0.0335518
0.0385052
0.0402367
0.0366517
0.034971
0.0384345
0.0359312
0.0424769
0.0267549
0.0451436
0.0330359
0.035807
0.0382913
0.0418466
0.0452026
0.0260436
0.0210707
0.0280233
0.0389068
0.0211707
0.0293794
0.0364355
0.0291421
0.0216398
0.0212969
0.0212298
0.0215226
0.0289962
0.0292121
0.0288065
0.0277729
0.0270105
0.047629
0.024575
0.0217315
0.0288185
0.0264309
0.0342768
0.042028
0.0439741
0.0263022
0.0438788
0.0260938
0.0244259
0.0260984
0.0278365
0.026025
0.0192185
0.0258405
0.0282999
0.0365323
0.0627494
0.0484502
0.0288839
0.0188223
0.0282198
0.0478793
0.01786
0.0127912
0.028338
0.0282017
0.053683
0.0502387
0.0469775
0.0573072
0.0335995
0.0179389
0.029985
0.0471235
0.0301279
0.0485282
0.0299058
0.0278339
0.0275158
0.0224698
0.054597
0.051892
0.0479979
0.0442622
0.0357708
0.0424046
0.0430121
0.0278748
0.0307385
0.0185725
0.0524913
0.0341638
0.0307102
0.0519615
0.0263496
0.0594759
0.0394499
0.043504
0.0438922
0.0298479
0.0389802
0.0574662
0.0305818
0.0261086
0.0288573
0.0479342
0.0329563
0.0255559
0.0632599
0.0520648
0.034241
0.0509495
0.033857
0.0337529
0.0220522
0.0469524
0.0469161
0.0220619
0.0468647
0.0341119
0.0205094
0.0398197
0.0411721
0.0267103
0.0215714
0.0203137
0.0409491
0.0408296
0.0161338
0.0205134
0.0210561
0.0343677
0.0155968
0.0407067
0.040683
0.015563
0.0266247
0.015407
0.0405826
0.0392007
0.0158945
0.0211686
0.0571345
0.0223327
0.0351343
0.022855
0.0224245
0.0440596
0.0359363
0.0348381
0.0505012
0.0343681
0.0352012
0.0212425
0.0343575
0.0213655
0.0343405
0.0380268
0.0344516
0.0309174
0.034565
0.0315086
0.0418987
0.0616459
0.0458773
0.0816858
0.0598898
0.036176
0.0305739
0.0321913
0.0451633
0.0552985
0.0414892
0.0522404
0.059623
0.06251
0.124175
0.0613732
0.0484809
0.0567937
0.0508851
0.0590038
0.0663495
0.0849748
0.0436231
0.0565545
0.065355
0.0500019
0.0712449
0.039722
0.0389288
0.0877813
0.0806253
0.103365
0.0511002
0.0688119
0.0688758
0.0886329
0.0690382
0.0455607
0.0359427
0.0332555
0.0521272
0.0350328
0.0357951
0.0490427
0.0345882
0.0357279
0.0545788
0.0487857
0.0358437
0.0301601
0.0355308
0.0540204
0.0528873
0.0343151
0.0351726
0.0352026
0.0341322
0.0535618
0.053163
0.0411675
0.0625813
0.0705209
0.0659349
0.106818
0.0403626
0.0576677
0.0964892
0.0568854
0.0712242
0.0520255
0.0572619
0.0433207
0.0427814
0.0803878
0.104901
0.0616758
0.0754238
0.0781948
0.071379
0.0215752
0.0387272
0.0388159
0.0443865
0.0709917
0.0839577
0.0801585
0.0190065
0.0337139
0.0446904
0.0446303
0.0449126
0.0697917
0.0379103
0.0188375
0.069666
0.0189422
0.0434403
0.0432344
0.0353016
0.037709
0.0315738
0.0259259
0.0352521
0.0701986
0.0367735
0.0421919
0.0329427
0.0417728
0.070913
0.0379715
0.0351722
0.0623393
0.0377094
0.0681772
0.0320356
0.0366032
0.0503345
0.0758049
0.0801189
0.0763273
0.0490042
0.067537
0.0920259
0.0639762
0.0638971
0.0520637
0.0812021
0.0531747
0.0531865
0.0324541
0.051994
0.0480841
0.0152539
0.0540535
0.0142937
0.0162868
0.0270167
0.0156122
0.0499882
0.0259682
0.014278
0.0140721
0.0143328
0.0461871
0.0323938
0.0393755
0.0254153
0.0336542
0.058535
0.0204063
0.04333
0.0370117
0.042903
0.0515827
0.0403465
0.0397555
0.0602927
0.0400978
0.0322748
0.0752325
0.0320175
0.043309
0.0397087
0.0517523
0.0459876
0.0317162
0.0364338
0.0320026
0.0306241
0.0650976
0.0597742
0.016177
0.0207737
0.0207788
0.0365596
0.0409412
0.0413073
0.0611692
0.0356079
0.070323
0.0658481
0.0415036
0.0409984
0.0421546
0.0162754
0.0895178
0.0170244
0.0173937
0.0469859
0.0441932
0.0182983
0.0370532
0.0368068
0.0597537
0.0444438
0.0385572
0.0440987
0.0618082
0.0908946
0.0349351
0.0439036
0.0226045
0.0437258
0.0430074
0.0345412
0.0439798
0.106049
0.0436826
0.0363248
0.017915
0.0951727
0.0430876
0.0610913
0.0612783
0.105971
0.046484
0.0603389
0.0603804
0.0953704
0.0757688
0.0676901
0.0605232
0.0751293
0.0592925
0.0339958
0.0597533
0.0345881
0.0361487
0.054528
0.0360362
0.0639465
0.0957814
0.085583
0.0647181
0.0879059
0.0945432
0.0789663
0.0714003
0.081237
0.0919797
0.114242
0.0975384
0.0758365
0.0944657
0.089053
0.0844803
0.0787294
0.0945745
0.103686
0.135394
0.0598971
0.069595
0.11452
0.0807092
0.0908175
0.0875315
0.0726032
0.0831464
0.0733464
0.0766561
0.101643
0.0794695
0.0563179
0.0890085
0.0921318
0.0814512
0.0915617
0.0563826
0.104597
0.0782576
0.0722851
0.0539119
0.0972803
0.0956125
0.0520584
0.0709554
0.107837
0.0728857
0.0509705
0.0820147
0.0935717
0.0729837
0.0683206
0.0928886
0.0722139
0.0955471
0.0915819
0.103605
0.0506615
0.0708379
0.0701081
0.0720014
0.097532
0.058443
0.055975
0.0631848
0.0641135
0.073722
0.0397766
0.0397243
0.0728051
0.057171
0.0681964
0.109771
0.103518
0.0626062
0.039435
0.0561132
0.0371017
0.0869052
0.0925227
0.0525698
0.0738854
0.124536
0.0559368
0.134567
0.0863356
0.0891545
0.0804106
0.0747432
0.0663858
0.0860923
0.0518193
0.0521499
0.0782137
0.0547183
0.0627637
0.0525851
0.105987
0.0506613
0.0968472
0.0804641
0.107832
0.151351
0.100236
0.0467269
0.146815
0.0584342
0.0537709
0.0560849
0.0571009
0.0825246
0.0770975
0.0722664
0.0795703
0.0647593
0.0810068
0.0587843
0.11328
0.0454903
0.0556325
0.0548755
0.0517364
0.0558217
0.0517932
0.0847676
0.0557833
0.0545376
0.0520322
0.0540895
0.0840889
0.0734527
0.0856495
0.0369154
0.0373891
0.0753521
0.0746479
0.0862251
0.0903984
0.0460914
0.0927384
0.0479082
0.0503372
0.0915247
0.0431311
0.0458943
0.0942686
0.0948294
0.0457628
0.0454793
0.0787287
0.0517273
0.0447917
0.0787413
0.0438818
0.0422669
0.0491865
0.0421074
0.0662668
0.0477263
0.0439315
0.0448569
0.0461591
0.0705278
0.0686109
0.0422965
0.0652998
0.0643811
0.0472581
0.0641425
0.0470815
0.0469157
0.0608337
0.0406452
0.105847
0.0411898
0.0651645
0.0662842
0.0993663
0.0234978
0.0531433
0.0339752
0.0231649
0.109854
0.0632029
0.150679
0.0709166
0.0232479
0.0290426
0.0474352
0.028848
0.0261798
0.0528394
0.0481841
0.0879333
0.0485909
0.0269638
0.0538548
0.0289166
0.0711749
0.060619
0.0983555
0.119562
0.0563396
0.042553
0.0947612
0.0711828
0.0511948
0.0682619
0.0869483
0.0607244
0.0708111
0.0536844
0.0497289
0.0942195
0.0418387
0.134172
0.0494017
0.0699728
0.0549379
0.102788
0.137125
0.135477
0.0674797
0.107642
0.0578675
0.0489719
0.0855035
0.0676134
0.0671163
0.137794
0.097449
0.0799937
0.0574924
0.054854
0.135614
0.0669982
0.0938669
0.0606078
0.073257
0.0783997
0.0597679
0.0981577
0.0706159
0.0865737
0.0932126
0.124096
0.0609826
0.0360826
0.0851318
0.0692082
0.0615026
0.086245
0.0450939
0.0466654
0.0739044
0.0608518
0.0713354
0.0417249
0.0465354
0.0472622
0.0471503
0.0472445
0.0446554
0.0649553
0.0526108
0.0453978
0.0466801
0.045217
0.0400489
0.0387883
0.0409933
0.0464647
0.0308534
0.0947061
0.046321
0.032489
0.0461643
0.0467812
0.0944025
0.031619
0.0520911
0.0901196
0.0486731
0.0410569
0.0484063
0.0703108
0.049363
0.073392
0.0709984
0.023447
0.0414364
0.0488364
0.0969985
0.0758711
0.0867135
0.0435759
0.0621629
0.0744164
0.072122
0.0756604
0.0955533
0.064289
0.0795939
0.074422
0.0673388
0.0789607
0.0845244
0.0658739
0.0534861
0.0388273
0.0763415
0.052135
0.108882
0.0726073
0.0460173
0.0777627
0.0777202
0.0451139
0.102975
0.0266661
0.110904
0.0653595
0.0467813
0.0461869
0.0460856
0.0452958
0.0978746
0.0813027
0.0437111
0.0577786
0.065638
0.0434009
0.0644799
0.056471
0.0372707
0.035376
0.043198
0.0413212
0.0351586
0.0347451
0.0553299
0.0378518
0.087206
0.0369793
0.0460998
0.0415989
0.0454396
0.089211
0.0533422
0.0689677
0.051804
0.0445268
0.0601624
0.0493859
0.04485
0.0439639
0.0866806
0.0890368
0.0403688
0.0847141
0.0890163
0.0535358
0.0502037
0.0520976
0.049982
0.0462819
0.0439993
0.0555174
0.0510411
0.0442674
0.0441912
0.0440456
0.0505178
0.0546818
0.0492627
0.0542516
0.076068
0.0625373
0.0176723
0.0120168
0.0116515
0.0323851
0.0173513
0.0429834
0.0595855
0.036314
0.0619799
0.0174029
0.0173424
0.048168
0.0435861
0.0363149
0.060566
0.037613
0.0433042
0.0221101
0.0126344
0.0356173
0.0884449
0.0347485
0.063611
0.0580224
0.0340412
0.0303983
0.0355181
0.0951951
0.0525497
0.0518936
0.058763
0.0784998
0.0445201
0.0471014
0.0469665
0.0401677
0.0630354
0.0429846
0.0444402
0.0436811
0.0349915
0.0395426
0.0750187
0.0473202
0.0267022
0.0243443
0.0545334
0.0381206
0.0633814
0.0347869
0.0433039
0.0437648
0.0237292
0.077725
0.0419192
0.0369659
0.027165
0.0236816
0.0466356
0.0418245
0.0584159
0.0380554
0.0380313
0.0413874
0.043321
0.0236604
0.0561986
0.020078
0.0167519
0.0167523
0.0429661
0.0139461
0.0405581
0.016603
0.0168247
0.0247151
0.0168837
0.0198144
0.016547
0.0404334
0.0406928
0.036579
0.0533419
0.0407095
0.0165403
0.038691
0.022372
0.0485622
0.0560374
0.0180813
0.039649
0.0182503
0.0179145
0.0396779
0.0225871
0.0420235
0.0181124
0.0418352
0.0179206
0.0305732
0.0392053
0.03634
0.0222954
0.0197341
0.017908
0.0430816
0.0220535
0.0536549
0.016689
0.016977
0.0450134
0.0294984
0.0447768
0.028574
0.0561685
0.0161976
0.0168892
0.0164457
0.0557611
0.0148498
0.0283047
0.0165013
0.0389643
0.0256294
0.0467891
0.0492159
0.0177048
0.0255483
0.0204509
0.0203243
0.0483846
0.0452453
0.054641
0.0180394
0.0341008
0.0613991
0.0453457
0.0497776
0.0361494
0.0224343
0.0191994
0.0577687
0.063253
0.0655613
0.0647659
0.0591419
0.0387614
0.0611791
0.0548967
0.059341
0.0276386
0.0457669
0.0611536
0.0951205
0.0859797
0.0312413
0.0638454
0.0901858
0.0215743
0.0327297
0.0591106
0.0324871
0.0231641
0.0613406
0.0312369
0.0229959
0.0896075
0.0323721
0.0979234
0.0617762
0.0469853
