-0.0464706
-0.0473694
-0.0474025
-0.0475653
-0.0476863
-0.0476585
-0.0475385
-0.0477444
-0.0635565
-0.0635094
-0.0636653
-0.0636961
-0.0637143
-0.0637539
-0.0637266
-0.0637451
-0.0637767
-0.0637486
-0.063769
-0.0637279
-0.0637416
-0.0637258
-0.0637948
-0.063734
-0.0637844
-0.0637595
-0.0638061
-0.0881066
-0.0881588
-0.0881931
-0.0882121
-0.0882099
-0.0882345
-0.088218
-0.0882054
-0.0881996
-0.0882272
-0.0881855
-0.0882343
-0.0882388
-0.0881859
-0.0882396
-0.10603
-0.10605
-0.106091
-0.1061
-0.106097
-0.106104
-0.106104
-0.106043
-0.106114
-0.106057
-0.106051
-0.106134
-0.106072
-0.133466
-0.133487
-0.133516
-0.133537
-0.133555
-0.133536
-0.133472
-0.133535
-0.133507
-0.133548
-0.133554
-0.133552
-0.133537
-0.138914
-0.138889
-0.138924
-0.138928
-0.138884
-0.138902
-0.138933
-0.138927
-0.138923
-0.138891
-0.138929
-0.138922
-0.138913
-0.138916
-0.149491
-0.149531
-0.149511
-0.149509
-0.149487
-0.149451
-0.149527
-0.149479
-0.149479
-0.149473
-0.149517
-0.149514
-0.154817
-0.154863
-0.154886
-0.154772
-0.154836
-0.154862
-0.154858
-0.154881
-0.154866
-0.154875
-0.154863
-0.154841
-0.154893
-0.154841
-0.154806
-0.154857
-0.154854
-0.154845
-0.174109
-0.174128
-0.174159
-0.174115
-0.174152
-0.174173
-0.174139
-0.174157
-0.174158
-0.174095
-0.174156
-0.174167
-0.174141
-0.174136
-0.174125
-0.174136
-0.174149
-0.174157
-0.174144
-0.174137
-0.174169
-0.174156
-0.174151
-0.174135
-0.174146
-0.211813
-0.211825
-0.211861
-0.211843
-0.211798
-0.211852
-0.211861
-0.211865
-0.211816
-0.211815
-0.211844
-0.211853
-0.211829
-0.211847
-0.211855
-0.211849
-0.211841
-0.211821
-0.200979
-0.200998
-0.201005
-0.200958
-0.200979
-0.201013
-0.200988
-0.201013
-0.200996
-0.201011
-0.201013
-0.201003
-0.200984
-0.201005
-0.214365
-0.214396
-0.21438
-0.214335
-0.214393
-0.214389
-0.2144
-0.214377
-0.214369
-0.21438
-0.214385
-0.214348
-0.21438
-0.214392
-0.21439
-0.214359
-0.214372
-0.214395
-0.240276
-0.240304
-0.24029
-0.240309
-0.240309
-0.240294
-0.240272
-0.240316
-0.240322
-0.240294
-0.240223
-0.240301
-0.228994
-0.228993
-0.229014
-0.229023
-0.228979
-0.229008
-0.229003
-0.229014
-0.229027
-0.228994
-0.228986
-0.229027
-0.212371
-0.212473
-0.212479
-0.212478
-0.212483
-0.212515
-0.212501
-0.212505
-0.21251
-0.212502
-0.212484
-0.212495
-0.212505
-0.212496
-0.212488
-0.211194
-0.211204
-0.211198
-0.211172
-0.211194
-0.211176
-0.21121
-0.211211
-0.211207
-0.211193
-0.211192
-0.211187
-0.21119
-0.211189
-0.2112
-0.211156
-0.211203
-0.211184
-0.211196
-0.21118
-0.211205
-0.211202
-0.211159
-0.211175
-0.211196
-0.211186
-0.213789
-0.21379
-0.213792
-0.21381
-0.213818
-0.213774
-0.213801
-0.21381
-0.213821
-0.213795
-0.213772
-0.213803
-0.213789
-0.213789
-0.219457
-0.2195
-0.219451
-0.219476
-0.219481
-0.219488
-0.219494
-0.219502
-0.219496
-0.21948
-0.21951
-0.219503
-0.219505
-0.219504
-0.219485
-0.219494
-0.219498
-0.219509
-0.219494
-0.219506
-0.219492
-0.219475
-0.219499
-0.240799
-0.24079
-0.240792
-0.240808
-0.240781
-0.24083
-0.240813
-0.240835
-0.240818
-0.240794
-0.240821
-0.240825
-0.240827
-0.240818
-0.240833
-0.240789
-0.240821
-0.253982
-0.25397
-0.253998
-0.25399
-0.254002
-0.253964
-0.253983
-0.253969
-0.253987
-0.253977
-0.253977
-0.253966
-0.253995
-0.253966
-0.253951
-0.253989
-0.253979
-0.254004
-0.253968
-0.253965
-0.235774
-0.23581
-0.235814
-0.235803
-0.235812
-0.235789
-0.235788
-0.235781
-0.235814
-0.235795
-0.235814
-0.235806
-0.235788
-0.23582
-0.235807
-0.235803
-0.235799
-0.235764
-0.235793
-0.2358
-0.250314
-0.250364
-0.250352
-0.250342
-0.25036
-0.250343
-0.250309
-0.250353
-0.250344
-0.250325
-0.250339
-0.250337
-0.250351
-0.250348
-0.250327
-0.250345
-0.25036
-0.250352
-0.250341
-0.250356
-0.250353
-0.252242
-0.252262
-0.252272
-0.252237
-0.252258
-0.252268
-0.25226
-0.252281
-0.252265
-0.252275
-0.252256
-0.252258
-0.252242
-0.252259
-0.252253
-0.252261
-0.252273
-0.252268
-0.252278
-0.252261
-0.253111
-0.253118
-0.253137
-0.253119
-0.253117
-0.253128
-0.253103
-0.253128
-0.253127
-0.253124
-0.253119
-0.253121
-0.253115
-0.253089
-0.253127
-0.253081
-0.253107
-0.253114
-0.253115
-0.25492
-0.25492
-0.254897
-0.254934
-0.254918
-0.254931
-0.254938
-0.254931
-0.254926
-0.254929
-0.254911
-0.2549
-0.254929
-0.228917
-0.228935
-0.228917
-0.228905
-0.228916
-0.228897
-0.228933
-0.228928
-0.228917
-0.228921
-0.228912
-0.223602
-0.223658
-0.223643
-0.22366
-0.223636
-0.223654
-0.223622
-0.223646
-0.223643
-0.223655
-0.223648
-0.223661
-0.223649
-0.223623
-0.223654
-0.223649
-0.223639
-0.223616
-0.22366
-0.223641
-0.223624
-0.223648
-0.236622
-0.236625
-0.236614
-0.236613
-0.236568
-0.236614
-0.236622
-0.236617
-0.236613
-0.236621
-0.236607
-0.236607
-0.241283
-0.241301
-0.241296
-0.241311
-0.241304
-0.241284
-0.241311
-0.241307
-0.241316
-0.241306
-0.241313
-0.241306
-0.241287
-0.241308
-0.226851
-0.226872
-0.226873
-0.226882
-0.22687
-0.226876
-0.226879
-0.226862
-0.226887
-0.226866
-0.226878
-0.226844
-0.226875
-0.226886
-0.226866
-0.226878
-0.226855
-0.226874
-0.236568
-0.236599
-0.236596
-0.236592
-0.236596
-0.236581
-0.236607
-0.236606
-0.23658
-0.236579
-0.236589
-0.236596
-0.236594
-0.236609
-0.236587
-0.236587
-0.234587
-0.234577
-0.23459
-0.234609
-0.23459
-0.234611
-0.23458
-0.234595
-0.234608
-0.234593
-0.234609
-0.234594
-0.234606
-0.23459
-0.234604
-0.234587
-0.234577
-0.234591
-0.234607
-0.234599
-0.234596
-0.234602
-0.234615
-0.234572
-0.234619
-0.227748
-0.227742
-0.227737
-0.227751
-0.227748
-0.227718
-0.227751
-0.227742
-0.227763
-0.227749
-0.227739
-0.227753
-0.227764
-0.227752
-0.22775
-0.227761
-0.227701
-0.227756
-0.227715
-0.233795
-0.233817
-0.233831
-0.233829
-0.233826
-0.233822
-0.233837
-0.23383
-0.233801
-0.233832
-0.233832
-0.233842
-0.233841
-0.233827
-0.222328
-0.222328
-0.22231
-0.222326
-0.222336
-0.222348
-0.222333
-0.215317
-0.215326
-0.215327
-0.215322
-0.215316
-0.215323
-0.215322
-0.215311
-0.215334
-0.215323
-0.215324
-0.215308
-0.215329
-0.21533
-0.215334
-0.21532
-0.215343
-0.215337
-0.215336
-0.215323
-0.210415
-0.210408
-0.210431
-0.210424
-0.210435
-0.210428
-0.210433
-0.210403
-0.210429
-0.210425
-0.210424
-0.210422
-0.210399
-0.210431
-0.21043
-0.210437
-0.21043
-0.210428
-0.210419
-0.21042
-0.214058
-0.214062
-0.214066
-0.214059
-0.214066
-0.214036
-0.214063
-0.21407
-0.214073
-0.214068
-0.214069
-0.214073
-0.214057
-0.214058
-0.214075
-0.214061
-0.214072
-0.21404
-0.214067
-0.214051
-0.228182
-0.228186
-0.228179
-0.228182
-0.22821
-0.228206
-0.228215
-0.228187
-0.228195
-0.228198
-0.22819
-0.228185
-0.228202
-0.228214
-0.228202
-0.228169
-0.228192
-0.228207
-0.228201
-0.228165
-0.228208
-0.247185
-0.247193
-0.24719
-0.247179
-0.24719
-0.247176
-0.247203
-0.247186
-0.247201
-0.247186
-0.247164
-0.247176
-0.247172
-0.247181
-0.247202
-0.247195
-0.247199
-0.260214
-0.260203
-0.260213
-0.260212
-0.260211
-0.26021
-0.260208
-0.26021
-0.260206
-0.260201
-0.260202
-0.260228
-0.260213
-0.260201
-0.260212
-0.260219
-0.253705
-0.253731
-0.25373
-0.253723
-0.253739
-0.253715
-0.253718
-0.253731
-0.253731
-0.25371
-0.253724
-0.253727
-0.253726
-0.253724
-0.253725
-0.253735
-0.253715
-0.254258
-0.254261
-0.254257
-0.254264
-0.254262
-0.254244
-0.254254
-0.254259
-0.254253
-0.254254
-0.254247
-0.25426
-0.224486
-0.224499
-0.224476
-0.224506
-0.224481
-0.224499
-0.224492
-0.224484
-0.224504
-0.224506
-0.224482
-0.224452
-0.224504
-0.224504
-0.224493
-0.224489
-0.224495
-0.225315
-0.225303
-0.225302
-0.225322
-0.225307
-0.225315
-0.225331
-0.225327
-0.225321
-0.22533
-0.225318
-0.225302
-0.225315
-0.236039
-0.236037
-0.236057
-0.236039
-0.236048
-0.236032
-0.236056
-0.236035
-0.236045
-0.236019
-0.236033
-0.236052
-0.236037
-0.236058
-0.236038
-0.236032
-0.236041
-0.236024
-0.232835
-0.232819
-0.232837
-0.232829
-0.232824
-0.232841
-0.232834
-0.23283
-0.232811
-0.232834
-0.232841
-0.232816
-0.232818
-0.232836
-0.232821
-0.232826
-0.232834
-0.232825
-0.232819
-0.232826
-0.244633
-0.244637
-0.244639
-0.244619
-0.244643
-0.244625
-0.244638
-0.244611
-0.244634
-0.244622
-0.244626
-0.244616
-0.244614
-0.244614
-0.244624
-0.244641
-0.244639
-0.244635
-0.245925
-0.245969
-0.245969
-0.245952
-0.245969
-0.245975
-0.245972
-0.245965
-0.245957
-0.24596
-0.24597
-0.24596
-0.245957
-0.245959
-0.245974
-0.245961
-0.245314
-0.245312
-0.2453
-0.245315
-0.245309
-0.245313
-0.245324
-0.245273
-0.245293
-0.2453
-0.245319
-0.245287
-0.245324
-0.245315
-0.245306
-0.245288
-0.245295
-0.245299
-0.246514
-0.246504
-0.2465
-0.246511
-0.246504
-0.246489
-0.246512
-0.246514
-0.246516
-0.246469
-0.246507
-0.2465
-0.246507
-0.246501
-0.246503
-0.246511
-0.246481
-0.246516
-0.246493
-0.246486
-0.258948
-0.258945
-0.258955
-0.258946
-0.258935
-0.258932
-0.25896
-0.258951
-0.25893
-0.258926
-0.25895
-0.258947
-0.258957
-0.255731
-0.25573
-0.255734
-0.255723
-0.255708
-0.255728
-0.25573
-0.255735
-0.255737
-0.255731
-0.255723
-0.255727
-0.25572
-0.255735
-0.255743
-0.255731
-0.249576
-0.249596
-0.249568
-0.249596
-0.249575
-0.24959
-0.249584
-0.24959
-0.249592
-0.249593
-0.249582
-0.249568
-0.240985
-0.240961
-0.240981
-0.240969
-0.24096
-0.240985
-0.240979
-0.240975
-0.240968
-0.240973
-0.240975
-0.240973
-0.240975
-0.240969
-0.24098
-0.24098
-0.240976
-0.240965
-0.240966
-0.240975
-0.240987
-0.230571
-0.230572
-0.230578
-0.23058
-0.230561
-0.230582
-0.23058
-0.230586
-0.230578
-0.230589
-0.230587
-0.230568
-0.230585
-0.230579
-0.230581
-0.217119
-0.217128
-0.217133
-0.217129
-0.217148
-0.217131
-0.217125
-0.217145
-0.217147
-0.217127
-0.217146
-0.217134
-0.217148
-0.217123
-0.217136
-0.217141
-0.217147
-0.217141
-0.217139
-0.217125
-0.217144
-0.217142
-0.217126
-0.216663
-0.216655
-0.216689
-0.216674
-0.216688
-0.216678
-0.216689
-0.216677
-0.232319
-0.232342
-0.232354
-0.232333
-0.232331
-0.232353
-0.232343
-0.232354
-0.232354
-0.232345
-0.232322
-0.232349
-0.232339
-0.232354
-0.241768
-0.241771
-0.241786
-0.24178
-0.241757
-0.241769
-0.241776
-0.241791
-0.241773
-0.241787
-0.240331
-0.240351
-0.240346
-0.240357
-0.24034
-0.24035
-0.240349
-0.240339
-0.24034
-0.240333
-0.240347
-0.240345
-0.240346
-0.240343
-0.240346
-0.245192
-0.245181
-0.245186
-0.245199
-0.245189
-0.245187
-0.24519
-0.245197
-0.245203
-0.245212
-0.245211
-0.245167
-0.245212
-0.245199
-0.245209
-0.245206
-0.245186
-0.245212
-0.24763
-0.247655
-0.247648
-0.247651
-0.247643
-0.247635
-0.247654
-0.247658
-0.24766
-0.247659
-0.247651
-0.247657
-0.247645
-0.247661
-0.247662
-0.247645
-0.247658
-0.247652
-0.247656
-0.247655
-0.247647
-0.247638
-0.247634
-0.247646
-0.247663
-0.24766
-0.248113
-0.248112
-0.24812
-0.2481
-0.248108
-0.248117
-0.248113
-0.248085
-0.248118
-0.248113
-0.235232
-0.235219
-0.235216
-0.235218
-0.235216
-0.235218
-0.235211
-0.235228
-0.235232
-0.235228
-0.235214
-0.235221
-0.235215
-0.213603
-0.213612
-0.2136
-0.213601
-0.2136
-0.213592
-0.213599
-0.213602
-0.213594
-0.213605
-0.213591
-0.213612
-0.213601
-0.213611
-0.213588
-0.213607
-0.213594
-0.214075
-0.214082
-0.214069
-0.214034
-0.214066
-0.214059
-0.214071
-0.214073
-0.214069
-0.214077
-0.214077
-0.214063
-0.214071
-0.214074
-0.214056
-0.214087
-0.214079
-0.214078
-0.214056
-0.214062
-0.233731
-0.233734
-0.233743
-0.233738
-0.233731
-0.233731
-0.233738
-0.233736
-0.233746
-0.233732
-0.233745
-0.233748
-0.233715
-0.233711
-0.233727
-0.233747
-0.233732
-0.241596
-0.241598
-0.241621
-0.24161
-0.241614
-0.241606
-0.241618
-0.241611
-0.241603
-0.241615
-0.241618
-0.24159
-0.241619
-0.241613
-0.24161
-0.241617
-0.241624
-0.241608
-0.241615
-0.259354
-0.259365
-0.259369
-0.259381
-0.259357
-0.259374
-0.259372
-0.259383
-0.259382
-0.259381
-0.259376
-0.259364
-0.259386
-0.252005
-0.252026
-0.252001
-0.252015
-0.25201
-0.252026
-0.252016
-0.252032
-0.252016
-0.252034
-0.252035
-0.252025
-0.252035
-0.260726
-0.260704
-0.260727
-0.260719
-0.26073
-0.260737
-0.260718
-0.260724
-0.260721
-0.260739
-0.255928
-0.255946
-0.255927
-0.255935
-0.255923
-0.255933
-0.255938
-0.255946
-0.255927
-0.255944
-0.255931
-0.255932
-0.255936
-0.255945
-0.255945
-0.255944
-0.255949
-0.255931
-0.255937
-0.255946
-0.255941
-0.264277
-0.26427
-0.264281
-0.264277
-0.26427
-0.264283
-0.26427
-0.264288
-0.264252
-0.264278
-0.264284
-0.264278
-0.264286
-0.264263
-0.264276
-0.264284
-0.264276
-0.264277
-0.26427
-0.264273
-0.264285
-0.26428
-0.264282
-0.264288
-0.264273
-0.254603
-0.254596
-0.254607
-0.254603
-0.254594
-0.254604
-0.254598
-0.254596
-0.254602
-0.254602
-0.254606
-0.254598
-0.254601
-0.254594
-0.254606
-0.254601
-0.254598
-0.254598
-0.2546
-0.254587
-0.254603
-0.254591
-0.238927
-0.238925
-0.238927
-0.238921
-0.238925
-0.238927
-0.238928
-0.238932
-0.23893
-0.238928
-0.238929
-0.238921
-0.238927
-0.238935
-0.238908
-0.238932
-0.238933
-0.238923
-0.238933
-0.238924
-0.238937
-0.238932
-0.238921
-0.211894
-0.211893
-0.211886
-0.211895
-0.211895
-0.211883
-0.211889
-0.211891
-0.211898
-0.211898
-0.211889
-0.211899
-0.211895
-0.211896
-0.211894
-0.211898
-0.21124
-0.211244
-0.211235
-0.21125
-0.211248
-0.211246
-0.211238
-0.21123
-0.211242
-0.211235
-0.211249
-0.211249
-0.211224
-0.211226
-0.211245
-0.211247
-0.211232
-0.211242
-0.21124
-0.211234
-0.21124
-0.211247
-0.21125
-0.211239
-0.222661
-0.222659
-0.222663
-0.222658
-0.222636
-0.222653
-0.22266
-0.222654
-0.222661
-0.222653
-0.222664
-0.222656
-0.222655
-0.222657
-0.222654
-0.222653
-0.222657
-0.222652
-0.222384
-0.222382
-0.222379
-0.222377
-0.222381
-0.222376
-0.222375
-0.222361
-0.222383
-0.222374
-0.222368
-0.222364
-0.222374
-0.222387
-0.222378
-0.22238
-0.2498
-0.249801
-0.249815
-0.249808
-0.249822
-0.249822
-0.24982
-0.249805
-0.249792
-0.249814
-0.249812
-0.249817
-0.249805
-0.249816
-0.249823
-0.249823
-0.249822
-0.247747
-0.247756
-0.247757
-0.247758
-0.247738
-0.24775
-0.247756
-0.247758
-0.247744
-0.247743
-0.247757
-0.247756
-0.247757
-0.247759
-0.247749
-0.247761
-0.24776
-0.247751
-0.247758
-0.247736
-0.247746
-0.247753
-0.247755
-0.243418
-0.24342
-0.243412
-0.243424
-0.2434
-0.243414
-0.243421
-0.243421
-0.243426
-0.243417
-0.243403
-0.243414
-0.243425
-0.243403
-0.243425
-0.243406
-0.243419
-0.243415
-0.243422
-0.243414
-0.243426
-0.243409
-0.243416
-0.243418
-0.243417
-0.243407
-0.243405
-0.22642
-0.226417
-0.226415
-0.226415
-0.226408
-0.226412
-0.226421
-0.226412
-0.226416
-0.22642
-0.226412
-0.226418
-0.226412
-0.226399
-0.226415
-0.226414
-0.226417
-0.226421
-0.226413
-0.226421
-0.226415
-0.236325
-0.23631
-0.23633
-0.236331
-0.236337
-0.236333
-0.236331
-0.236327
-0.236336
-0.236336
-0.236333
-0.236318
-0.236315
-0.236327
-0.23631
-0.253131
-0.253146
-0.253126
-0.253127
-0.253143
-0.25314
-0.253125
-0.253137
-0.25314
-0.253149
-0.253143
-0.253142
-0.253118
-0.253139
-0.26797
-0.267983
-0.26798
-0.267988
-0.267978
-0.267981
-0.267968
-0.26798
-0.267983
-0.267978
-0.267988
-0.267977
-0.267967
-0.267974
-0.259303
-0.259303
-0.259299
-0.259297
-0.259306
-0.259297
-0.259313
-0.259305
-0.259312
-0.259302
-0.259303
-0.259286
-0.259289
-0.259304
-0.25928
-0.259299
-0.259292
-0.243044
-0.243059
-0.243064
-0.243049
-0.24306
-0.243063
-0.243063
-0.243048
-0.243066
-0.243068
-0.243065
-0.219372
-0.219372
-0.219366
-0.219373
-0.219375
-0.219382
-0.219364
-0.21937
-0.219379
-0.219368
-0.219382
-0.219382
-0.219374
-0.219361
-0.216498
-0.216495
-0.216497
-0.216496
-0.216501
-0.216494
-0.216487
-0.216502
-0.216496
-0.2165
-0.22066
-0.22065
-0.220669
-0.220664
-0.220654
-0.220664
-0.220658
-0.220665
-0.220668
-0.220666
-0.220657
-0.220669
-0.220666
-0.220667
-0.220656
-0.22066
-0.220656
-0.220668
-0.220663
-0.220637
-0.24219
-0.242195
-0.242188
-0.242184
-0.242193
-0.242182
-0.242193
-0.242193
-0.242187
-0.242195
-0.242197
-0.24219
-0.242187
-0.242175
-0.242191
-0.24218
-0.242195
-0.242184
-0.250476
-0.250476
-0.250484
-0.250462
-0.250475
-0.250478
-0.250468
-0.250477
-0.250472
-0.250477
-0.250446
-0.250476
-0.250474
-0.250473
-0.250481
-0.250472
-0.250478
-0.250473
-0.250462
-0.24074
-0.240758
-0.240748
-0.240756
-0.240751
-0.240752
-0.240756
-0.240752
-0.240753
-0.240743
-0.240756
-0.240753
-0.240742
-0.240755
-0.240748
-0.240753
-0.24238
-0.242391
-0.24238
-0.242387
-0.242388
-0.242392
-0.242399
-0.242386
-0.2424
-0.242385
-0.242398
-0.242397
-0.24238
-0.242393
-0.242395
-0.242395
-0.239301
-0.239303
-0.239296
-0.239304
-0.239299
-0.239305
-0.239289
-0.239288
-0.239297
-0.2393
-0.23929
-0.239294
-0.239295
-0.239309
-0.239304
-0.239305
-0.239306
-0.239311
-0.239296
-0.287638
-0.287639
-0.287645
-0.287643
-0.287648
-0.287635
-0.287642
-0.287651
-0.28765
-0.287625
-0.287656
-0.287636
-0.287644
-0.287636
-0.289882
-0.289887
-0.289891
-0.289895
-0.28988
-0.28989
-0.28988
-0.289882
-0.289895
-0.289895
-0.289883
-0.289892
-0.289879
-0.289896
-0.289881
-0.276128
-0.276138
-0.276134
-0.276141
-0.276132
-0.276132
-0.27615
-0.276131
-0.276153
-0.276147
-0.276151
-0.276143
-0.276142
-0.276143
-0.276122
-0.276131
-0.27615
-0.276152
-0.276142
-0.276122
-0.276145
-0.291993
-0.291993
-0.291993
-0.291998
-0.291995
-0.291987
-0.291997
-0.291998
-0.291985
-0.292001
-0.291992
-0.291995
-0.292
-0.292002
-0.29199
-0.291997
-0.291988
-0.29199
-0.291981
-0.291975
-0.291988
-0.291994
-0.275023
-0.275029
-0.275018
-0.275037
-0.275007
-0.275031
-0.275038
-0.275004
-0.275013
-0.275033
-0.275036
-0.275019
-0.275031
-0.275036
-0.275035
-0.27503
-0.275032
-0.275033
-0.275029
-0.275017
-0.274993
-0.255731
-0.255728
-0.255739
-0.255733
-0.255724
-0.255726
-0.255735
-0.25573
-0.255723
-0.255737
-0.25573
-0.25572
-0.238624
-0.238623
-0.23863
-0.238638
-0.238624
-0.238621
-0.238631
-0.238637
-0.238625
-0.23863
-0.238631
-0.23863
-0.238632
-0.238625
-0.238634
-0.238615
-0.232508
-0.232494
-0.232505
-0.232506
-0.232504
-0.232509
-0.232498
-0.232511
-0.232492
-0.232505
-0.220971
-0.220982
-0.22098
-0.220987
-0.220984
-0.220974
-0.220983
-0.220976
-0.220986
-0.220983
-0.220973
-0.220978
-0.220979
-0.220974
-0.22098
-0.205511
-0.2055
-0.205501
-0.205506
-0.205512
-0.205511
-0.205502
-0.2055
-0.205509
-0.205512
-0.20168
-0.201694
-0.201689
-0.201696
-0.201691
-0.201697
-0.201686
-0.201693
-0.201692
-0.20169
-0.201681
-0.201685
-0.201692
-0.201689
-0.207045
-0.207044
-0.207048
-0.207039
-0.207045
-0.207039
-0.207032
-0.207036
-0.207041
-0.207049
-0.207043
-0.207041
-0.207042
-0.207045
-0.207046
-0.207045
-0.207039
-0.207039
-0.207045
-0.207044
-0.207043
-0.207047
-0.20703
-0.207044
-0.203154
-0.203151
-0.203169
-0.203172
-0.203152
-0.203171
-0.203167
-0.203166
-0.203175
-0.203172
-0.20317
-0.203168
-0.203163
-0.20317
-0.203167
-0.203168
-0.203169
-0.203173
-0.203162
-0.203173
-0.196977
-0.19696
-0.196966
-0.196983
-0.19698
-0.196985
-0.196981
-0.19698
-0.196982
-0.196982
-0.196972
-0.19698
-0.19699
-0.196986
-0.196985
-0.196963
-0.19698
-0.212879
-0.212884
-0.212873
-0.212869
-0.212871
-0.212867
-0.212877
-0.212883
-0.212883
-0.212884
-0.21288
-0.212878
-0.212878
-0.212879
-0.212875
-0.212869
-0.212874
-0.21287
-0.212866
-0.212881
-0.229432
-0.229429
-0.229441
-0.22944
-0.229428
-0.229441
-0.229442
-0.22944
-0.231833
-0.231827
-0.231837
-0.231836
-0.231826
-0.231826
-0.231829
-0.231824
-0.231835
-0.231836
-0.231832
-0.231831
-0.231837
-0.231831
-0.23183
-0.231836
-0.231835
-0.231829
-0.23182
-0.231831
-0.231826
-0.231838
-0.231822
-0.255181
-0.255184
-0.255188
-0.255185
-0.255186
-0.255196
-0.255192
-0.255194
-0.255193
-0.255182
-0.255187
-0.255182
-0.25517
-0.255183
-0.255186
-0.25518
-0.255184
-0.255191
-0.255187
-0.255172
-0.255191
-0.260768
-0.260758
-0.260758
-0.260761
-0.260758
-0.260754
-0.260752
-0.260766
-0.260767
-0.260759
-0.260764
-0.260747
-0.260771
-0.260762
-0.26952
-0.269498
-0.26952
-0.269521
-0.269524
-0.269514
-0.26951
-0.269507
-0.269514
-0.269516
-0.269513
-0.269518
-0.269513
-0.269512
-0.269526
-0.269503
-0.269515
-0.269529
-0.269517
-0.26951
-0.269529
-0.275484
-0.275484
-0.275473
-0.275475
-0.27548
-0.275464
-0.27548
-0.275482
-0.275468
-0.275483
-0.275475
-0.275474
-0.275448
-0.275473
-0.280984
-0.280989
-0.280968
-0.280983
-0.280987
-0.280985
-0.280986
-0.280985
-0.280989
-0.280977
-0.280969
-0.280977
-0.280984
-0.280984
-0.280981
-0.28099
-0.280981
-0.280979
-0.280962
-0.262824
-0.262834
-0.262833
-0.262844
-0.262845
-0.262841
-0.262839
-0.26284
-0.262842
-0.262835
-0.26283
-0.262842
-0.257536
-0.257528
-0.257537
-0.25752
-0.257541
-0.257518
-0.257541
-0.25753
-0.257527
-0.25753
-0.257529
-0.257532
-0.257535
-0.232915
-0.232929
-0.232935
-0.232928
-0.23292
-0.232925
-0.232926
-0.232924
-0.232929
-0.232925
-0.232932
-0.23293
-0.232925
-0.232924
-0.232913
-0.232935
-0.232926
-0.227102
-0.227103
-0.227112
-0.227115
-0.227111
-0.227109
-0.227115
-0.227111
-0.227106
-0.227112
-0.227096
-0.227103
-0.22711
-0.227096
-0.227095
-0.227091
-0.227096
-0.246936
-0.246988
-0.246976
-0.246979
-0.246985
-0.246988
-0.246982
-0.24698
-0.246977
-0.24699
-0.246988
-0.246979
-0.246989
-0.246979
-0.246978
-0.246979
-0.244428
-0.244453
-0.244446
-0.244456
-0.244453
-0.244453
-0.244448
-0.244459
-0.244447
-0.244443
-0.244453
-0.244452
-0.244447
-0.244448
-0.240759
-0.240742
-0.24074
-0.24076
-0.240746
-0.240756
-0.240755
-0.240763
-0.240758
-0.240747
-0.240756
-0.240758
-0.240752
-0.234378
-0.234377
-0.234375
-0.234375
-0.234356
-0.234371
-0.234374
-0.234373
-0.234381
-0.234378
-0.234364
-0.234371
-0.23437
-0.234373
-0.23435
-0.234374
-0.234375
-0.234379
-0.234369
-0.234381
-0.234374
-0.234377
-0.234375
-0.234377
-0.230724
-0.230718
-0.230712
-0.230709
-0.230704
-0.230717
-0.230713
-0.230717
-0.230715
-0.230711
-0.23072
-0.230719
-0.230714
-0.230718
-0.230704
-0.229869
-0.229864
-0.229866
-0.229858
-0.229855
-0.229855
-0.229863
-0.229865
-0.229853
-0.229848
-0.232135
-0.232151
-0.232151
-0.232157
-0.232149
-0.232143
-0.232125
-0.232151
-0.232158
-0.232153
-0.232144
-0.232144
-0.232148
-0.232151
-0.232145
-0.232144
-0.232148
-0.232151
-0.232151
-0.232152
-0.244921
-0.244914
-0.244906
-0.244915
-0.244907
-0.244917
-0.244914
-0.244913
-0.244919
-0.244913
-0.244921
-0.244924
-0.244914
-0.244925
-0.244922
-0.244921
-0.244921
-0.244921
-0.244921
-0.245396
-0.24541
-0.245394
-0.245408
-0.245407
-0.245413
-0.245413
-0.245412
-0.245393
-0.245414
-0.245409
-0.245404
-0.245411
-0.245415
-0.245403
-0.245394
-0.245413
-0.245412
-0.245394
-0.238712
-0.238725
-0.238706
-0.238724
-0.238728
-0.238725
-0.238718
-0.238726
-0.23872
-0.238727
-0.238722
-0.238717
-0.238723
-0.23872
-0.238722
-0.238726
-0.238719
-0.238722
-0.237839
-0.237811
-0.237821
-0.237839
-0.237833
-0.237833
-0.237837
-0.237823
-0.237832
-0.237834
-0.237838
-0.237836
-0.237833
-0.237831
-0.237838
-0.237831
-0.237844
-0.237835
-0.253084
-0.253079
-0.253085
-0.253075
-0.253081
-0.25308
-0.253079
-0.25308
-0.254556
-0.254557
-0.254555
-0.254547
-0.254553
-0.254562
-0.254542
-0.254559
-0.254553
-0.254566
-0.254554
-0.254555
-0.254549
-0.254562
-0.254552
-0.248944
-0.248939
-0.248942
-0.248947
-0.248952
-0.248945
-0.248941
-0.248953
-0.248954
-0.248945
-0.24895
-0.248952
-0.248945
-0.248934
-0.248941
-0.248951
-0.248941
-0.248948
-0.248946
-0.24895
-0.248951
-0.248949
-0.248933
-0.248943
-0.248955
-0.264808
-0.264823
-0.264821
-0.264819
-0.264813
-0.264819
-0.264809
-0.26483
-0.264816
-0.264828
-0.264824
-0.264824
-0.264828
-0.264827
-0.264821
-0.253435
-0.253439
-0.253437
-0.25344
-0.253437
-0.253437
-0.253434
-0.253435
-0.253433
-0.253431
-0.253435
-0.253433
-0.253431
-0.25344
-0.253441
-0.253424
-0.253423
-0.25343
-0.253428
-0.253439
-0.253436
-0.253417
-0.253436
-0.242651
-0.242654
-0.242656
-0.24265
-0.242654
-0.242644
-0.242655
-0.24264
-0.242656
-0.242656
-0.242654
-0.242635
-0.24265
-0.242652
-0.242653
-0.230641
-0.230652
-0.230658
-0.230649
-0.230656
-0.230656
-0.230659
-0.230654
-0.230655
-0.230646
-0.230662
-0.230654
-0.230658
-0.228843
-0.228839
-0.22884
-0.228836
-0.228838
-0.228841
-0.228842
-0.22883
-0.228839
-0.228833
-0.228834
-0.228837
-0.228838
-0.228818
-0.228839
-0.228839
-0.232738
-0.232734
-0.232737
-0.232742
-0.232733
-0.232739
-0.232728
-0.23274
-0.232736
-0.262452
-0.262459
-0.262449
-0.26246
-0.262458
-0.262459
-0.262454
-0.262451
-0.262456
-0.26246
-0.262453
-0.262451
-0.262461
-0.262456
-0.262457
-0.262452
-0.262457
-0.262458
-0.262448
-0.283841
-0.283826
-0.283843
-0.283825
-0.283846
-0.283844
-0.283846
-0.283821
-0.283842
-0.283834
-0.283835
-0.283823
-0.283837
-0.280402
-0.280407
-0.280405
-0.280419
-0.280422
-0.280405
-0.280417
-0.280418
-0.280408
-0.280411
-0.280417
-0.280415
-0.280416
-0.280419
-0.272375
-0.272377
-0.272373
-0.272375
-0.272365
-0.272366
-0.272378
-0.272358
-0.272359
-0.272367
-0.272371
-0.272366
-0.272364
-0.272364
-0.27237
-0.272367
-0.267842
-0.267867
-0.267866
-0.267869
-0.267868
-0.267867
-0.26787
-0.267863
-0.267868
-0.267858
-0.267864
-0.267858
-0.267865
-0.267864
-0.267853
-0.267854
-0.267865
-0.267861
-0.267868
-0.267863
-0.25159
-0.251594
-0.251602
-0.251594
-0.251603
-0.25159
-0.251601
-0.2516
-0.251597
-0.251599
-0.251592
-0.251601
-0.251593
-0.2516
-0.251603
-0.251598
-0.251591
-0.251591
-0.251601
-0.239288
-0.239292
-0.239299
-0.239293
-0.239292
-0.23929
-0.239298
-0.239301
-0.239295
-0.239299
-0.239289
-0.239286
-0.239287
-0.228663
-0.228667
-0.228668
-0.228661
-0.22866
-0.228664
-0.228653
-0.228657
-0.228657
-0.228666
-0.228669
-0.228643
-0.228662
-0.22866
-0.228662
-0.228672
-0.22867
-0.228668
-0.232301
-0.232301
-0.232286
-0.232303
-0.232297
-0.23229
-0.232298
-0.232303
-0.232298
-0.232303
-0.232275
-0.232295
-0.232302
-0.232301
-0.232294
-0.232296
-0.239343
-0.239342
-0.239345
-0.239344
-0.23934
-0.239344
-0.239348
-0.239348
-0.239335
-0.23934
-0.239351
-0.239346
-0.239338
-0.239334
-0.239343
-0.250899
-0.250926
-0.250936
-0.250934
-0.250929
-0.250928
-0.25094
-0.25093
-0.250936
-0.250922
-0.250923
-0.250934
-0.25093
-0.250922
-0.250936
-0.250927
-0.250916
-0.250931
-0.250921
-0.25093
-0.26451
-0.264534
-0.264554
-0.26455
-0.264545
-0.264554
-0.264553
-0.264551
-0.264553
-0.264542
-0.264538
-0.264548
-0.264545
-0.264536
-0.264546
-0.264545
-0.275809
-0.275798
-0.275815
-0.275825
-0.275818
-0.275803
-0.27582
-0.275811
-0.275824
-0.275812
-0.275821
-0.275812
-0.275816
-0.275814
-0.275822
-0.275822
-0.275819
-0.275804
-0.27582
-0.265657
-0.265653
-0.265656
-0.265667
-0.265662
-0.265663
-0.265661
-0.265659
-0.265666
-0.265668
-0.265659
-0.265665
-0.265664
-0.258247
-0.258232
-0.258253
-0.258247
-0.258242
-0.25825
-0.258251
-0.258247
-0.258232
-0.258238
-0.258237
-0.258244
-0.25825
-0.258253
-0.258239
-0.258246
-0.258249
-0.258246
-0.258254
-0.258251
-0.258031
-0.258039
-0.258031
-0.258041
-0.258035
-0.258037
-0.25804
-0.258041
-0.25803
-0.25804
-0.258037
-0.258026
-0.258032
-0.258033
-0.258038
-0.258033
-0.241288
-0.241301
-0.241301
-0.241293
-0.241298
-0.241302
-0.2413
-0.241298
-0.241297
-0.241299
-0.241288
-0.241288
-0.241296
-0.241298
-0.241291
-0.226104
-0.2261
-0.226112
-0.226109
-0.226106
-0.226111
-0.226107
-0.226109
-0.226109
-0.226103
-0.226098
-0.226103
-0.226098
-0.226103
-0.226103
-0.226109
-0.226095
-0.226107
-0.226101
-0.223006
-0.223016
-0.223006
-0.223015
-0.22301
-0.223006
-0.223007
-0.223001
-0.223012
-0.222997
-0.223003
-0.223017
-0.223015
-0.223011
-0.22301
-0.223014
-0.220979
-0.220971
-0.220974
-0.22097
-0.220976
-0.220976
-0.220972
-0.220971
-0.220979
-0.220977
-0.220981
-0.220967
-0.220978
-0.226751
-0.226761
-0.226762
-0.226759
-0.226767
-0.226765
-0.226754
-0.226769
-0.226763
-0.226762
-0.226763
-0.226762
-0.226756
-0.221801
-0.221803
-0.221795
-0.221806
-0.221803
-0.221816
-0.2218
-0.221807
-0.221786
-0.221798
-0.221794
-0.221812
-0.221802
-0.221807
-0.221811
-0.221792
-0.222288
-0.22231
-0.222304
-0.222302
-0.222306
-0.222297
-0.222302
-0.222306
-0.222306
-0.222295
-0.222309
-0.222303
-0.222301
-0.2223
-0.227853
-0.227853
-0.227844
-0.227863
-0.22786
-0.227848
-0.227857
-0.227848
-0.227855
-0.227857
-0.227863
-0.227857
-0.227857
-0.223909
-0.22392
-0.223907
-0.223921
-0.223922
-0.223909
-0.223916
-0.223918
-0.223917
-0.22392
-0.223916
-0.223919
-0.223915
-0.223921
-0.223912
-0.22392
-0.220705
-0.220713
-0.220708
-0.2207
-0.22071
-0.220705
-0.22071
-0.220696
-0.220711
-0.220703
-0.220689
-0.220214
-0.220215
-0.220212
-0.220214
-0.220209
-0.220211
-0.220215
-0.22021
-0.220204
-0.220214
-0.220206
-0.209766
-0.209778
-0.209777
-0.209766
-0.209781
-0.209779
-0.209778
-0.209771
-0.209776
-0.209781
-0.209769
-0.209775
-0.210378
-0.210393
-0.21039
-0.210391
-0.210387
-0.210388
-0.210386
-0.21039
-0.210394
-0.210392
-0.210381
-0.21039
-0.210383
-0.210369
-0.210385
-0.22006
-0.220057
-0.220061
-0.220062
-0.220067
-0.220064
-0.220057
-0.220065
-0.220063
-0.220061
-0.220065
-0.220057
-0.220059
-0.220071
-0.220056
-0.220065
-0.220058
-0.21515
-0.215192
-0.215191
-0.21519
-0.215185
-0.215186
-0.21518
-0.215196
-0.215194
-0.215187
-0.215183
-0.215192
-0.215195
-0.215191
-0.215196
-0.215186
-0.21519
-0.215194
-0.215182
-0.215192
-0.221118
-0.221125
-0.221133
-0.221131
-0.221119
-0.221127
-0.221132
-0.221135
-0.22113
-0.221129
-0.22113
-0.221122
-0.221133
-0.221128
-0.221126
-0.221116
-0.221123
-0.22113
-0.221127
-0.221128
-0.221127
-0.221132
-0.227511
-0.227526
-0.227529
-0.227527
-0.227522
-0.227517
-0.227521
-0.22752
-0.227528
-0.227524
-0.22751
-0.227527
-0.227526
-0.227523
-0.227519
-0.227526
-0.227525
-0.227526
-0.227517
-0.227527
-0.227528
-0.227527
-0.227526
-0.227516
-0.232649
-0.232656
-0.23265
-0.232658
-0.232649
-0.232655
-0.232648
-0.232635
-0.232634
-0.232656
-0.232656
-0.232647
-0.232648
-0.232645
-0.232652
-0.232659
-0.232643
-0.233519
-0.233524
-0.233521
-0.233509
-0.233522
-0.233525
-0.23353
-0.233526
-0.233523
-0.23353
-0.236308
-0.236311
-0.236315
-0.236315
-0.236318
-0.236317
-0.236299
-0.236317
-0.236311
-0.236321
-0.23632
-0.236318
-0.236318
-0.233785
-0.233784
-0.233783
-0.233768
-0.233785
-0.233782
-0.233777
-0.233783
-0.233787
-0.233787
-0.233787
-0.233786
-0.233786
-0.233782
-0.233783
-0.233789
-0.233789
-0.233783
-0.23493
-0.234935
-0.234934
-0.234937
-0.234939
-0.234921
-0.234923
-0.23494
-0.234926
-0.23494
-0.234938
-0.234942
-0.234938
-0.234936
-0.234933
-0.234942
-0.234933
-0.234938
-0.240079
-0.240082
-0.240065
-0.240066
-0.240069
-0.240078
-0.240075
-0.240071
-0.240073
-0.240077
-0.240067
-0.240076
-0.240079
-0.240061
-0.240077
-0.240074
-0.241395
-0.241392
-0.241394
-0.241398
-0.241403
-0.241397
-0.241401
-0.241396
-0.24139
-0.241398
-0.2414
-0.241397
-0.241395
-0.241397
-0.241397
-0.242485
-0.242494
-0.242484
-0.242496
-0.242483
-0.242494
-0.242488
-0.242484
-0.242483
-0.242477
-0.242488
-0.242498
-0.242492
-0.242475
-0.242482
-0.242487
-0.242491
-0.24249
-0.230694
-0.230699
-0.230694
-0.230701
-0.230695
-0.230695
-0.230695
-0.230683
-0.23069
-0.230693
-0.230685
-0.230692
-0.230693
-0.230698
-0.230696
-0.230687
-0.230698
-0.230692
-0.233534
-0.233562
-0.233564
-0.233557
-0.233559
-0.233563
-0.233563
-0.233555
-0.233552
-0.233561
-0.233554
-0.233561
-0.23356
-0.233564
-0.233558
-0.233542
-0.233556
-0.233562
-0.241976
-0.241982
-0.241972
-0.241984
-0.241979
-0.241981
-0.241983
-0.241982
-0.241969
-0.239951
-0.239963
-0.239963
-0.239959
-0.239959
-0.239953
-0.239962
-0.239962
-0.239964
-0.239961
-0.23995
-0.239949
-0.239951
-0.239955
-0.239963
-0.239958
-0.241678
-0.241669
-0.24168
-0.241678
-0.24168
-0.241678
-0.241679
-0.24167
-0.241678
-0.241671
-0.241673
-0.241677
-0.241671
-0.241676
-0.241662
-0.241671
-0.24168
-0.241668
-0.241679
-0.241677
-0.241679
-0.241678
-0.247153
-0.247155
-0.247146
-0.247157
-0.247156
-0.247156
-0.247156
-0.247157
-0.247157
-0.247146
-0.247151
-0.247157
-0.247153
-0.247156
-0.247155
-0.228987
-0.228993
-0.228994
-0.22899
-0.228993
-0.228994
-0.228996
-0.228996
-0.228993
-0.228993
-0.228985
-0.228988
-0.228999
-0.228999
-0.228994
-0.228989
-0.229
-0.228996
-0.228988
-0.228993
-0.228996
-0.228995
-0.221735
-0.221736
-0.221725
-0.221742
-0.221733
-0.22173
-0.221729
-0.22174
-0.221736
-0.221725
-0.221744
-0.22173
-0.221741
-0.221741
-0.221736
-0.221742
-0.220511
-0.220508
-0.220513
-0.220504
-0.220507
-0.220507
-0.220504
-0.220511
-0.220515
-0.220504
-0.220502
-0.220505
-0.220509
-0.220504
-0.220507
-0.220508
-0.220507
-0.220505
-0.220512
-0.220502
-0.216508
-0.216499
-0.216499
-0.216496
-0.216502
-0.21651
-0.216505
-0.216506
-0.216497
-0.216507
-0.216494
-0.216507
-0.216511
-0.216506
-0.216498
-0.216496
-0.216508
-0.210429
-0.210418
-0.210426
-0.210415
-0.210424
-0.210425
-0.210423
-0.210426
-0.210429
-0.210428
-0.210417
-0.210421
-0.210426
-0.210419
-0.210428
-0.210428
-0.210414
-0.210427
-0.222765
-0.222761
-0.222766
-0.222756
-0.222767
-0.222768
-0.22277
-0.222764
-0.222774
-0.222771
-0.222768
-0.222769
-0.222759
-0.222767
-0.222773
-0.222769
-0.236055
-0.236063
-0.236057
-0.236067
-0.236062
-0.236066
-0.236064
-0.23606
-0.23606
-0.236058
-0.236061
-0.237819
-0.237815
-0.237818
-0.23782
-0.237811
-0.237814
-0.237826
-0.237823
-0.237819
-0.237816
-0.237817
-0.237818
-0.237812
-0.232755
-0.232758
-0.23276
-0.232759
-0.232759
-0.232757
-0.232757
-0.232756
-0.232757
-0.232763
-0.246316
-0.246335
-0.246323
-0.246331
-0.246335
-0.246328
-0.24633
-0.246328
-0.24633
-0.254993
-0.254995
-0.25499
-0.254996
-0.254992
-0.254986
-0.255
-0.254999
-0.254991
-0.254992
-0.254998
-0.254992
-0.252752
-0.252758
-0.252752
-0.252759
-0.25275
-0.25276
-0.252755
-0.25275
-0.252751
-0.252745
-0.252756
-0.252748
-0.252752
-0.252751
-0.252757
-0.252756
-0.252751
-0.282341
-0.28235
-0.282334
-0.282326
-0.282345
-0.282345
-0.282354
-0.282332
-0.282348
-0.282349
-0.282353
-0.282348
-0.282348
-0.282353
-0.282333
-0.292276
-0.292267
-0.292267
-0.292274
-0.292265
-0.292257
-0.292267
-0.292267
-0.292264
-0.292264
-0.292264
-0.292259
-0.292265
-0.289174
-0.289155
-0.289169
-0.289167
-0.28917
-0.289163
