9.465
15.715
9.465
9.46507
9.46504
9.46501
9.46503
9.46502
9.35395
15.5782
9.35397
9.35392
21.8279
15.5922
21.8304
15.592
9.35404
15.5922
15.5923
15.5923
9.35398
15.5923
15.5923
9.35416
9.35405
9.35412
15.5784
21.6779
21.6914
9.24734
15.4568
9.24767
9.24757
9.24753
9.24751
9.24776
9.24777
9.24755
9.24774
9.24769
21.6793
21.6754
15.3401
15.3412
15.3569
15.3534
15.3531
15.3537
9.14286
15.3412
9.14296
9.1429
15.3539
15.3398
15.3409
9.04208
9.04232
9.04256
9.0424
9.04253
21.4264
9.04217
9.04297
9.04246
9.04241
21.415
9.04254
9.04265
15.1177
8.93941
8.9395
27.486
8.94014
8.93949
21.3027
8.93992
8.93935
8.94016
15.1311
8.93938
8.9399
8.94021
8.84035
8.84044
8.83975
8.8398
8.84008
8.83962
8.83925
8.83986
15.0097
8.84001
15.0253
8.84009
14.9201
21.0844
8.74072
8.74009
8.73985
14.9227
14.9233
14.9063
14.9105
8.74022
8.74057
8.74048
14.9063
14.9232
8.74053
14.9059
8.74013
8.74067
14.7995
8.6456
8.64533
20.9546
27.1262
8.64629
8.64638
8.64629
8.64599
8.64539
8.64601
8.6455
8.64583
8.64606
14.8007
14.8209
20.9557
14.7993
8.6464
8.64626
8.64571
8.64496
8.64609
8.64595
14.8201
8.55918
14.6909
8.55918
8.5588
20.8474
20.8252
8.55921
14.6911
14.6907
8.56037
14.6896
8.55982
14.6914
14.6925
8.56015
14.6915
14.6923
20.8214
8.45931
14.5992
8.46014
20.7347
14.5915
8.46022
14.598
8.45962
20.7819
14.6005
14.6211
8.45905
20.7818
14.6008
14.4978
8.369
8.37
14.4968
8.3711
20.6332
20.6291
8.36954
14.5242
14.4967
14.4973
14.5243
8.36917
8.36709
8.36839
14.5003
14.5016
8.37005
8.2851
14.4002
8.28463
8.28644
8.28556
8.28482
14.3987
14.4006
8.2865
14.3977
8.2858
8.28368
8.1891
8.18782
26.5413
8.18974
20.4551
14.3371
14.3349
8.18997
8.18923
8.19113
8.188
8.19062
8.09139
8.09273
8.09031
8.09222
14.2483
8.09228
20.3567
14.2256
8.09196
8.09119
8.09368
8.09316
8.09283
20.3518
8.09075
8.00172
20.2896
14.1612
14.1337
14.1337
8.001
14.1613
20.2895
8.00207
14.1332
8.00264
8.00211
14.1341
20.291
14.1336
14.1319
8.00166
8.002
8.00181
8.00237
8.00185
8.00104
14.1312
14.1331
14.1314
14.1336
7.91428
14.0444
7.91583
7.91406
7.91506
7.91467
7.91287
20.1746
14.0458
14.0445
14.0481
7.91424
14.0453
7.91487
7.82859
13.9589
7.82982
13.9877
26.2722
13.9559
13.9599
7.82909
13.9586
13.9568
7.82995
20.0815
7.82921
13.9538
7.83047
13.9556
7.83078
20.0821
13.9611
13.9524
20.0815
13.9563
7.83108
19.9794
13.866
13.8962
13.8631
7.75424
20.0114
7.75262
7.75306
13.8657
7.75312
20.0079
26.1538
7.75241
7.75099
7.75049
20.0064
7.75443
13.781
13.7782
7.67133
7.67536
32.1508
13.8069
13.8004
13.778
7.67556
7.67594
7.67567
7.67291
7.67509
7.67332
7.67443
7.675
7.6754
13.8066
7.67644
19.9124
13.7003
7.58404
13.6997
13.6969
7.58326
13.7003
7.58211
13.6975
7.58347
25.9304
7.58294
13.6988
13.7261
7.58261
7.58502
13.6991
13.7261
7.58196
13.6984
7.58499
13.6159
13.6148
7.50959
7.50753
13.6128
13.6134
13.6154
13.6143
13.6133
19.7496
13.6146
19.7493
7.50757
13.6128
13.6153
13.6186
19.7225
7.50817
7.50752
19.7236
13.6158
7.42818
13.5596
7.42625
13.5603
13.5605
7.42633
7.42857
7.42621
7.42917
19.6469
7.42718
19.6388
7.42665
19.6319
13.5318
13.531
13.5361
7.42613
7.42688
13.5326
7.34736
7.34886
13.4538
13.4545
25.6615
13.4813
7.34754
7.34711
7.34837
19.5815
7.34726
25.6603
7.3473
7.34699
7.34895
19.5883
7.349
19.5587
7.34893
13.3717
13.3754
7.26897
13.3717
25.5745
7.26874
13.3746
7.26879
7.26893
7.26783
13.4011
7.26758
25.6069
13.2985
13.3001
7.17911
7.1816
7.17991
19.4186
7.17922
7.18155
7.18013
7.17892
13.3024
7.1008
13.2243
13.2231
7.09987
7.09991
7.10117
13.2178
19.3456
7.10128
7.10065
7.09964
7.10044
19.3462
7.09962
13.2526
13.222
19.3743
7.10005
7.09966
25.4995
13.2239
13.224
13.1417
7.03016
13.1688
7.03042
7.02823
13.1463
13.1447
13.145
7.02933
7.03124
7.02943
13.1718
13.0669
25.3265
6.95628
6.9557
6.9565
13.0659
6.95622
13.0675
19.1809
13.0996
13.0681
13.1011
6.95713
19.1808
12.9965
13.0291
6.87618
6.87438
6.87721
6.875
12.9988
12.9963
6.87771
25.2701
6.87595
6.87579
12.9982
12.998
12.9904
19.1174
6.87477
6.87665
6.80723
12.9227
6.80558
19.0666
6.80602
6.80681
6.80661
6.80526
6.80689
12.9225
6.80659
12.9212
12.9192
12.9207
12.9189
12.9225
6.73236
6.73398
6.73275
12.8513
12.8533
6.7341
12.8503
12.8464
12.8495
18.9671
6.73476
6.73341
6.73462
18.9628
12.8511
6.73364
6.73457
6.73217
18.9664
6.73192
12.8493
6.73367
6.73278
18.9634
6.73262
6.65982
12.7796
6.65901
12.7798
6.6597
6.65958
12.7776
12.7801
12.7787
6.66059
6.65812
12.7795
6.65981
25.0518
12.7828
18.9011
6.65919
6.65981
6.65903
6.59105
6.5897
6.59022
6.59044
6.59024
6.58996
6.59104
12.7399
6.58991
12.7398
6.58918
18.8241
6.59016
6.591
6.51454
6.51635
6.51668
12.6399
12.6721
12.6406
12.6359
6.44499
12.5739
6.44302
6.44296
12.5744
12.5726
6.44491
6.44282
24.829
6.44427
6.44372
12.5728
6.44462
6.44289
12.5722
18.7356
12.5743
6.44491
6.44407
18.6994
24.7702
18.6654
6.37329
18.6367
6.37193
12.5128
6.37346
6.37466
18.6365
12.5082
6.37362
12.5385
12.5065
12.5075
12.5074
12.508
18.641
12.5043
6.3737
12.5053
18.5663
12.4369
36.9826
6.30858
12.4376
6.30731
12.4381
6.30868
12.4372
6.30633
6.3079
12.4376
6.30719
12.4366
6.30697
6.30729
12.4383
12.4349
6.30897
6.30843
6.24733
12.3662
12.3673
6.24776
6.24703
12.3705
6.24759
12.3659
6.24678
6.24677
6.24832
12.3692
24.6361
12.3674
6.2473
6.24675
6.2457
18.5157
12.3664
18.5212
6.24584
6.18808
6.1888
12.2973
6.18855
6.18797
6.1889
6.18868
12.2969
6.19029
12.298
12.2981
6.18988
12.3282
6.18968
12.2981
6.19006
6.18895
6.12949
18.3326
6.13
6.13114
12.2304
18.3339
6.12982
18.33
6.12994
6.13097
6.13027
12.229
6.13105
12.2306
6.13075
12.2305
12.1704
24.3816
6.06357
18.2733
12.1674
12.1664
12.1696
12.2021
12.1696
24.3768
12.1691
6.06461
12.1681
18.2728
6.06474
18.2721
18.2734
5.99946
18.2079
18.2078
24.3076
5.99978
6.0014
6.00294
12.1044
18.2118
12.1048
12.1065
12.1026
12.0803
5.92614
12.0472
5.92656
18.1705
5.92583
12.0475
5.92546
12.0484
5.92538
12.0483
5.92475
5.92579
5.92541
5.92353
5.92595
5.92469
5.8637
18.1392
5.8635
5.86324
5.86288
5.863
5.8621
5.86321
18.1083
11.9852
5.8629
5.86239
5.86369
11.9219
11.9524
11.921
11.9223
5.80743
24.1533
11.9223
5.80884
5.80717
5.80725
5.80734
11.9548
5.80768
5.80719
5.80778
11.9205
11.9236
18.0659
5.74553
17.9774
5.74471
5.7452
5.74444
11.8625
5.74426
5.74453
11.8949
5.74469
17.9803
5.74536
11.8922
5.74437
17.9797
17.9707
11.8646
17.9795
5.74733
11.862
17.9097
5.68919
17.9425
5.68915
5.69084
5.69048
24.0191
5.69193
11.8038
11.8009
11.7942
5.69083
5.69164
11.8037
11.7999
36.5193
24.0213
5.68971
5.63134
11.7396
11.7732
17.8468
17.8497
11.7736
17.8867
17.85
17.8493
11.741
5.63023
5.63179
5.63268
5.63078
5.63235
11.742
11.6829
11.6831
11.6828
11.6817
23.9308
11.6831
5.57288
30.2919
11.6825
11.6774
17.7915
5.57268
17.7918
11.6819
5.57269
5.5734
17.7958
11.6842
5.5165
5.51713
5.51635
11.6181
11.6336
5.51602
23.8414
11.6235
5.51607
5.51533
17.7331
11.6249
5.51563
5.51564
5.51734
5.51724
5.51607
5.51781
5.51638
11.6267
17.6601
23.7656
5.46514
5.46549
5.46634
11.5678
17.6685
5.46603
11.566
11.5671
11.5655
5.46389
17.6987
5.40777
17.6132
5.40798
5.40698
11.5086
11.5099
11.5126
5.40766
5.40819
5.40834
5.40806
5.4062
5.40728
11.5115
11.5088
11.5091
17.5632
11.4548
5.34948
5.34857
17.5624
5.34905
5.34849
5.34763
11.4552
5.34836
11.4564
5.34937
11.4044
17.513
17.5132
5.29086
5.28976
5.28924
5.2889
5.29055
11.4021
17.516
29.8016
11.404
5.28983
5.29015
5.28878
5.28889
11.4014
11.4005
11.4052
5.28981
5.28959
11.3498
5.23222
5.23088
17.471
5.23126
11.3492
17.4689
5.23111
23.5834
11.3483
5.23054
17.4661
5.2302
5.23018
11.3477
11.299
5.17189
17.4234
5.17214
5.1716
11.3005
11.3012
11.2987
5.1724
11.2984
17.4261
5.17151
23.5864
11.2973
5.17232
11.2997
5.17053
11.2974
5.17163
5.17214
11.3298
5.17095
17.4289
11.2453
29.6552
5.11706
11.2773
11.2434
11.2473
11.2467
11.2454
5.07158
5.07226
23.42
5.07156
11.1897
5.07199
11.1899
11.1885
11.1895
11.1888
5.07218
5.07251
5.07129
5.07219
5.0241
17.2474
11.1357
5.02605
11.134
11.134
5.02474
5.02351
11.1352
29.7455
4.97198
11.0838
4.97136
4.97119
23.3163
4.97215
4.97287
4.97313
4.97276
11.0861
4.97158
17.1963
4.97296
4.97124
17.1964
4.92494
17.1438
11.033
4.9225
4.92423
11.0359
4.9218
4.92369
11.0329
11.0331
11.034
4.92394
4.92355
4.92264
11.0644
4.92265
4.92209
4.92274
10.9824
10.9818
4.87468
10.9801
4.87392
4.87244
10.9836
4.87472
17.089
4.87542
4.87459
4.87429
10.9827
4.87428
11.0146
4.87343
4.87413
4.87443
4.87257
4.87524
4.87519
10.9836
4.87352
10.9821
4.87486
10.9794
4.82531
4.82472
17.0391
4.82491
10.9347
10.9367
10.9367
23.1486
4.82604
17.0728
10.9168
29.5005
4.77087
4.76993
4.77005
10.8841
4.77029
10.8852
10.8853
4.76967
10.8855
4.77013
4.77049
16.9705
10.8416
4.71364
4.71315
4.71299
10.8422
4.71217
10.8409
4.71317
10.8725
4.71314
4.71276
16.9749
10.842
4.71347
23.1008
16.966
4.66472
4.66481
10.7941
4.66598
4.66561
4.66494
16.9239
4.66505
4.66579
4.66642
4.66547
4.6653
4.66484
4.66524
10.7931
4.66518
10.7895
4.66441
4.66543
4.66535
10.7382
10.7413
10.7426
4.62477
4.62575
10.7409
4.62465
10.742
10.7425
16.8606
4.62541
4.62551
4.62583
10.7432
10.7446
10.7404
4.62601
10.698
10.6939
4.58221
4.58268
10.694
4.58281
16.8051
4.58177
10.6953
4.58124
4.58185
4.5817
4.58222
10.6948
22.918
4.58314
10.6936
10.6928
4.58128
16.7483
4.54368
22.848
10.643
4.54481
10.6432
16.7756
16.7452
10.6395
16.7467
4.54487
16.7456
16.7497
16.7045
4.49366
4.49566
10.6005
4.49533
10.6006
10.5997
10.6003
4.49526
4.49469
4.4958
4.49405
4.49519
4.45342
4.45395
10.5846
10.5496
28.8553
4.45345
4.45374
10.5555
4.45475
4.45456
10.5087
4.40741
4.40752
10.5089
4.40713
10.5092
10.5094
4.40673
10.5083
4.4061
4.40703
4.40605
4.40709
4.40719
4.40731
10.5086
4.40474
4.40618
16.6401
10.5086
4.40669
10.4919
10.4631
4.36588
10.463
4.36667
22.6876
16.5626
4.36535
4.36685
10.4624
16.5582
10.4632
4.36592
4.36653
10.4631
4.36803
10.4653
4.36759
10.4651
10.4635
10.4646
4.3674
4.36647
4.3668
4.36717
4.31861
4.3181
10.4162
10.4218
4.3178
10.424
10.4219
10.4227
10.4202
4.31847
16.5285
4.31834
16.5258
4.31862
4.31835
4.31867
4.31815
4.319
10.4214
4.31839
10.422
4.31842
4.26805
10.381
4.26742
4.26738
4.26695
4.26734
10.3779
10.382
4.26799
4.26681
10.3812
22.6029
16.4959
4.2677
4.26861
4.26716
16.496
10.3797
4.26757
10.3816
10.3809
4.26797
4.26756
10.3449
10.3439
4.21411
10.3445
10.3511
16.4748
4.21402
4.21384
4.2142
4.21449
4.21386
10.345
4.21434
10.3436
4.21438
10.3437
10.3018
16.426
4.17185
4.17132
4.17182
4.17198
10.3009
4.17153
4.17156
28.6933
16.4273
16.4329
4.17137
16.4315
16.4323
4.17132
4.17122
10.3022
4.17073
4.17114
4.17083
10.3022
16.4301
4.17168
16.3815
4.1341
22.503
4.13428
10.2579
4.13438
4.13453
4.134
10.2559
10.2566
4.13348
10.2575
10.2575
4.1334
10.2566
10.2563
4.13428
10.2563
4.09236
4.09199
4.09169
16.3651
4.0916
16.339
4.09352
4.09244
10.2146
16.339
4.09285
4.09284
10.2166
10.2165
4.09262
22.4577
4.06246
4.06377
4.0636
16.2753
4.06314
4.06318
4.06372
16.2771
4.06399
4.06162
4.06395
16.2714
4.06233
4.06447
4.06404
4.06409
4.06285
10.1294
4.02292
10.1288
10.1282
4.02342
10.1295
4.02158
4.02268
4.02219
10.1563
10.1296
10.1302
16.2382
4.02214
10.1302
4.02203
16.2376
10.1333
4.02246
4.02159
10.1299
10.1296
4.02262
3.97955
10.09
3.98043
10.0899
16.2014
10.1165
3.9797
3.98044
3.98025
16.1954
10.0914
10.0876
3.97992
10.091
10.0927
3.98005
10.0906
10.0943
3.98058
3.97983
3.98024
22.3104
10.0898
10.0897
16.2
10.0907
3.97949
10.0539
3.93379
16.176
3.933
3.93322
3.93286
3.93306
16.2009
10.0544
10.0537
10.054
10.0795
3.93305
28.4427
3.9328
10.0547
16.1745
16.1735
16.1751
10.0542
3.93376
10.0133
3.89844
10.0134
3.89854
10.0384
22.2438
16.1544
3.89923
10.0123
10.0118
3.89848
3.89905
10.0135
16.1293
3.89867
3.86711
3.86769
9.97043
3.86664
3.86749
22.1789
16.0771
22.1791
16.0769
16.0762
9.97157
9.96688
22.1801
3.86748
9.9301
16.0264
9.93195
3.83574
16.0254
9.92716
3.83571
16.0206
9.93302
3.83644
3.8363
9.92754
3.83514
16.026
15.9972
22.0959
9.89395
3.79453
9.89397
3.79433
3.79367
15.9942
15.995
3.79425
9.92196
9.89357
9.89419
15.9942
3.79309
22.0978
15.9939
15.9702
9.85887
3.74962
3.74965
9.85954
3.74916
9.86088
3.75023
9.85726
15.9705
9.86068
3.70258
3.70167
22.1033
3.70214
9.82747
9.82739
9.8264
3.7023
9.82764
3.70213
3.70176
3.70225
3.7021
9.82741
9.79123
9.78974
3.66457
15.9207
9.79325
3.66407
9.79384
3.66343
3.66449
3.664
9.754
9.75514
3.62975
3.63019
3.62871
9.75408
9.7544
3.62943
9.75428
15.8786
9.75449
3.62955
9.75374
3.62859
3.62949
9.75457
3.63056
3.62922
3.62993
3.63015
3.60285
21.9379
9.71349
3.60354
9.71276
9.71498
3.60347
3.60321
15.8258
3.60377
9.71462
9.71366
9.71378
15.8233
15.8256
9.71556
3.60284
3.60272
3.57163
3.57057
9.67617
9.68037
3.57084
21.9134
9.67615
3.57171
3.57208
3.57202
15.7831
9.67636
40.4967
3.57156
9.68063
9.67797
3.57245
3.57213
9.67676
9.64337
9.64472
3.53155
3.53199
9.64272
9.64435
3.53243
3.53115
3.53169
3.53218
3.53231
15.7561
9.64306
9.64514
9.64164
3.53134
3.49834
15.7199
3.49785
9.60843
3.49857
3.49797
3.49774
3.49673
15.7156
9.60806
3.49879
9.60838
9.60853
3.49631
3.49826
3.49874
9.5756
9.57554
21.8
15.6891
3.46183
3.46162
3.46198
9.57548
15.7148
3.46215
3.46176
9.57553
9.57615
9.57518
9.57684
3.46323
3.46207
3.46223
9.57471
9.53568
15.6463
3.45191
3.45251
9.53474
3.45238
9.53386
27.7827
3.4532
9.53547
3.4508
3.45187
3.4521
3.45166
9.50245
9.49987
15.61
15.5836
3.42007
3.42028
3.42067
9.49977
3.41829
15.5795
15.5791
3.41934
3.41875
3.41856
15.5823
3.37974
9.47023
9.46952
15.556
9.46933
15.5567
9.46998
3.37934
3.37778
3.38027
3.3807
15.5909
3.37958
3.37928
9.46978
9.4713
3.37952
9.46904
3.38011
3.37999
3.37879
3.35582
3.35453
3.35531
21.5966
3.3555
3.35432
3.35471
9.43604
3.35402
3.35538
9.43609
3.35351
9.46322
9.43614
3.35597
3.35506
9.42959
9.43033
15.5177
15.5149
9.43775
9.43678
9.40395
3.31398
3.31475
15.4957
3.31341
3.31312
3.31268
3.31286
3.31377
9.40323
3.3133
3.31244
9.40304
9.40389
3.3141
9.40283
9.40491
3.31335
9.40701
3.31393
3.31399
9.37514
9.37492
3.27255
3.27277
3.27205
3.27192
9.37417
9.37499
3.27259
3.27256
9.37309
3.27275
3.23344
3.23207
9.34716
9.3455
15.4598
3.23309
3.23258
9.34654
9.34508
9.3463
9.34586
3.23185
3.23232
27.9583
9.34212
9.34712
9.31512
3.19938
3.19866
15.4331
3.19894
3.19878
3.19812
3.19968
3.19843
15.4338
9.28796
3.1636
3.16297
15.4108
15.4116
9.28794
3.1637
9.28392
3.16297
15.4386
9.28746
3.16251
9.2894
3.1626
9.28727
9.25741
9.25836
9.2625
3.12656
3.12673
3.12641
3.12687
15.395
9.26
9.26124
9.23115
3.09483
3.09463
15.3657
9.23213
9.23067
9.23194
21.5047
3.09447
9.23226
9.23072
3.09452
15.3667
15.3679
9.19957
9.20095
15.3254
15.3319
3.066
9.20045
9.19996
3.06717
21.4657
9.19919
15.3325
15.3315
3.06714
9.19901
9.19996
3.06671
9.19891
3.0672
3.06724
15.363
9.19995
9.19917
3.06723
3.06675
3.03604
3.03527
9.17092
9.17233
3.03526
3.03568
3.03582
3.03627
9.17101
15.31
9.17097
3.03548
9.17089
3.03536
9.17246
3.03587
15.3068
3.03627
33.9417
9.17101
3.00398
9.14363
9.14691
9.14359
15.2818
3.00367
9.14354
3.00401
9.14304
15.2841
9.14381
3.0043
3.0049
9.14306
3.00406
3.00435
3.00391
9.11104
2.98091
2.98052
9.11064
2.98055
2.98075
2.98056
9.10977
2.9808
2.98133
2.98053
2.98179
15.24
2.98056
2.98134
2.98146
2.98015
9.11032
15.234
2.98118
2.95867
9.07858
9.07769
9.07842
2.9592
15.1988
2.95835
9.0802
9.04895
2.93188
9.04699
2.93114
15.1669
2.93141
15.1925
2.93123
2.93191
9.05026
2.93151
9.04796
9.04282
2.93169
2.93083
2.93178
2.93103
21.2789
2.93133
2.93191
9.0501
2.93142
9.05045
15.1457
15.1224
2.91341
2.91391
21.2191
2.91315
9.01285
9.01694
2.91411
9.01545
9.01526
2.91451
2.91411
9.01665
15.1198
2.91368
2.91284
2.91386
2.9132
15.1178
9.01718
8.98788
15.0875
21.1837
2.88893
15.0882
2.88855
8.98864
8.98841
2.88893
2.88879
8.98635
2.88893
2.88894
2.88847
8.95887
2.86503
2.86561
8.96061
2.86553
2.86577
8.95844
2.86601
15.0556
8.96415
2.86614
8.95985
8.95742
2.86538
2.86549
15.0551
8.95968
2.86502
15.0528
2.86554
2.86548
2.8408
8.93081
15.0188
8.93109
2.84043
2.84177
8.93009
2.84159
8.93064
15.0253
2.84068
8.93269
2.84162
2.8406
8.90603
2.81671
8.93306
2.81821
8.90245
2.81716
2.81627
14.9876
8.90442
8.90492
2.8177
8.90359
2.81647
8.90596
14.9887
8.90326
2.81701
8.89845
8.90249
21.0773
2.78093
8.87846
8.88005
2.78128
2.78054
8.87944
2.78189
2.78185
14.9816
2.78132
8.88194
8.85356
8.85518
8.8527
8.85454
2.75347
2.75233
2.75246
14.9556
8.85367
2.75246
27.1543
14.9835
14.9578
14.9503
2.71547
2.7156
2.7151
2.71588
8.83363
14.952
8.83327
8.83503
2.7155
2.71526
8.83324
2.71613
2.71556
2.71556
2.7153
2.71596
2.68701
14.9278
2.68699
14.926
8.80933
14.9285
8.80921
2.68832
8.80406
8.80696
8.80745
8.81126
2.68758
2.68713
2.68681
8.80822
8.80807
14.8837
8.80498
2.67139
2.67089
8.77745
14.8852
2.66947
2.67071
2.67105
8.7794
8.77858
14.8896
2.67096
8.77892
2.67062
8.77735
2.64503
2.64428
2.64391
2.64476
2.6444
2.64432
8.75311
8.75362
8.75486
8.75376
2.64356
2.64416
2.64313
8.75635
14.8398
2.61695
14.841
8.75794
8.72953
8.73005
8.72865
8.73078
8.72912
14.8419
2.61736
8.72793
2.61694
8.70582
2.59043
8.70586
8.7058
8.70581
20.9383
8.70654
14.8226
8.70688
2.5904
8.70373
14.8221
2.58966
8.70737
2.59096
8.70572
2.58993
8.70651
2.59043
8.70554
2.59029
2.59055
14.8208
14.8233
8.67944
14.799
27.2993
2.56342
8.68182
14.8002
2.56491
2.56395
2.56412
8.68209
2.56474
2.56434
8.68336
2.56434
8.68262
8.68565
2.53922
2.54012
14.7764
2.53941
8.6582
2.53866
2.53979
33.3787
2.53974
2.51682
8.63341
8.63631
2.51717
2.51615
8.63437
2.51663
14.7507
8.63439
8.63341
14.7508
2.51718
2.51755
2.51731
8.6347
8.63387
8.6343
2.51704
2.51776
8.6343
14.7184
8.60682
8.6358
2.49929
8.6072
2.49946
14.7172
2.49926
14.7167
20.8214
2.49876
2.49851
8.60907
8.60385
2.49906
2.49941
8.60975
8.60683
2.49924
8.58437
2.47568
2.47619
8.61049
8.58036
2.47567
2.47579
2.47639
8.58397
8.58565
2.47527
2.47597
8.58432
2.47626
2.47674
2.47638
2.4765
8.58468
2.47545
2.44994
2.45002
8.56507
2.44933
14.6757
2.44957
2.44945
8.56071
14.6759
8.56335
2.4497
8.56356
8.56287
8.56363
2.45002
2.44896
2.44962
8.56245
2.42635
8.53932
8.56593
2.42658
2.4262
2.42653
2.4264
2.42584
2.4273
8.53905
2.4261
2.42615
2.42592
8.53937
8.53936
2.42713
8.53973
2.42716
2.41142
2.41093
8.51564
2.41061
2.41125
8.51428
2.40915
2.41055
8.49177
2.38963
2.38866
2.38874
2.38921
8.48463
2.38884
8.49229
14.595
8.49366
20.7022
2.38925
2.38916
2.38855
8.49163
8.47106
2.36461
14.5759
2.36452
2.36449
8.46904
8.4716
2.36416
2.36496
14.5773
2.36342
2.36401
8.46929
2.36417
2.36411
2.3646
8.47005
2.36515
8.47003
2.36396
8.47218
2.36427
8.47032
8.47084
2.36472
8.44953
20.6395
2.34939
2.3504
8.44654
8.44725
14.5467
20.6416
14.5425
20.6391
8.44891
2.35033
2.35038
8.44738
20.6395
8.42724
8.42492
8.42455
2.32207
2.32349
2.32273
2.323
2.32343
2.32368
2.32374
8.4264
2.32297
2.32293
2.32303
2.3233
8.42685
8.42708
14.5307
2.32295
2.32321
2.32304
2.32344
14.5313
2.2956
2.29635
2.29597
27.017
2.29635
2.29618
2.29653
8.40609
14.5138
8.40598
14.5121
14.5157
14.5185
14.5172
8.40795
2.27054
14.505
2.27007
2.27006
14.5051
2.26995
2.27005
2.27027
2.26944
8.38623
2.26964
2.27071
14.5063
8.36227
8.36695
2.24836
14.4861
2.24856
2.24815
2.24864
8.36683
8.36689
2.24836
14.4871
2.24858
2.24758
2.24798
14.5106
2.24824
2.22908
14.4627
8.3402
2.22917
8.34545
2.22918
8.3439
2.22944
2.22872
14.4236
8.31873
2.22276
14.4131
2.22153
14.4179
26.6135
2.22157
2.22264
8.3208
2.22162
20.5196
2.22223
2.22261
8.31979
2.22219
2.22245
2.22185
8.32073
8.29674
2.21218
8.29784
8.299
2.21279
2.2132
2.21133
2.21258
8.29753
8.29751
8.29822
8.29688
20.4667
2.19087
8.27606
2.1908
2.19025
8.27815
2.19091
14.3648
2.19121
2.19057
2.19048
8.27866
2.1908
14.3635
8.27469
2.16703
2.1666
8.25952
2.1665
8.25793
2.16661
8.25836
2.16659
14.353
8.25817
8.25934
8.28423
20.442
8.25855
26.5353
8.25625
8.24003
2.1453
2.14501
2.14539
8.24078
2.14489
2.14502
14.3367
8.24029
20.4328
8.23909
8.23952
14.3334
14.3288
8.24103
2.14533
2.14561
8.26509
8.23871
2.14505
2.11839
8.22221
2.11741
2.11806
8.22317
8.22229
2.11836
8.22221
2.11782
2.11788
8.2216
14.3276
8.22201
2.1176
14.3268
8.22089
2.11716
2.11758
2.11758
20.4288
2.0932
8.20522
2.09296
2.09288
14.3189
2.09327
14.3179
14.3143
14.32
14.3136
8.20624
8.20541
2.06924
2.06956
2.06867
8.18388
14.3048
14.3059
8.18351
2.06926
8.18824
2.06844
2.06806
8.18922
2.06982
8.1904
8.18797
2.0699
2.0691
2.06865
8.16938
2.05197
14.2841
8.1681
2.05221
2.05149
8.168
8.16886
8.17106
8.16979
2.05193
2.05187
14.2851
2.05209
8.16757
2.05234
2.03629
2.03608
2.037
8.15107
8.14779
8.1496
2.0363
20.376
2.03615
2.03695
8.14849
2.03656
20.3722
8.14738
20.3722
2.02349
2.02385
2.02375
8.12986
8.1281
2.02364
8.12877
2.02327
8.12855
2.0239
2.02331
2.0224
8.12996
2.02352
8.12805
2.02311
2.02337
20.3371
2.02377
8.12828
8.10782
2.01223
2.01167
2.01084
2.01165
2.01061
8.10672
8.10738
2.01042
2.0114
2.01161
2.01147
8.10724
8.1138
8.10645
2.01126
1.99944
8.08717
8.09019
14.1777
1.99933
1.99858
1.99911
8.08165
1.99964
1.99969
1.99914
1.99986
14.1821
1.99973
14.1796
8.08738
1.99837
14.183
14.1771
1.97603
8.06972
14.1706
8.07164
1.97504
1.97684
8.07166
14.1695
1.97629
1.97586
1.97606
8.07345
8.06873
1.95525
1.95447
1.95514
1.95476
1.95445
8.05654
14.1575
8.05694
8.05705
1.95528
1.9551
1.95557
8.05593
1.95437
1.95528
8.05468
8.05601
1.95478
1.95472
1.95537
1.93722
8.03976
8.0383
1.93776
1.93782
8.03786
8.03472
14.1408
14.1392
8.03827
8.04054
8.03999
8.03742
1.93653
8.03849
1.93689
1.9113
1.91199
1.91267
8.02224
8.02327
1.91213
1.91248
8.02522
8.02494
1.91183
8.02294
14.139
1.91243
1.91106
1.9116
14.1321
8.00878
1.8877
1.88882
1.88854
1.88839
14.132
8.00473
1.88885
1.88886
38.8683
1.88897
1.88895
14.1227
1.88879
8.00864
1.88807
1.88854
1.88795
1.87065
14.1156
7.99206
7.99249
20.2316
7.9933
14.1154
7.99234
1.87071
7.98947
1.87012
7.99269
26.6173
1.87064
1.87069
1.8708
7.97601
1.85294
1.85225
7.97668
7.97656
1.85208
7.97179
7.97841
7.97711
1.85297
7.97587
7.9711
7.97638
7.9599
14.0814
1.83845
7.95901
1.83848
1.8388
14.0797
1.83909
7.95875
1.83905
1.83897
1.83903
1.83858
7.94384
7.94388
7.94265
14.0671
1.82059
1.8199
1.82036
7.94313
20.1837
7.94372
14.0659
1.81927
7.94488
1.82084
1.82066
14.0665
1.80448
1.80415
1.80421
7.92703
1.80445
1.8043
7.92621
1.80416
1.8046
14.0505
7.92771
1.80416
1.8043
1.80447
1.79088
7.91067
1.79075
7.91027
1.79034
1.79023
7.91003
7.91071
14.0283
7.91049
1.79084
26.2693
7.9101
1.77355
1.7734
1.77288
14.0166
1.77285
7.89284
1.77291
7.89537
1.77346
7.89425
1.77325
1.77237
7.89567
14.0137
7.8945
1.7731
7.88286
7.87996
1.75611
1.756
1.75552
7.87958
7.87984
1.756
1.75633
1.75598
1.75563
7.86495
13.99
7.86395
1.74052
1.74007
13.9911
13.9902
7.86085
7.86376
20.1345
7.86443
1.7205
13.9825
1.72083
20.1153
7.85092
1.72065
1.72083
7.85088
7.85114
13.9829
1.72069
7.84869
1.70609
7.83687
1.7056
1.70597
1.7054
1.70571
1.7061
13.9669
26.249
1.70558
1.70595
7.83653
13.9569
20.0959
1.70571
1.69298
7.8185
1.69515
1.69432
1.69462
1.69444
7.81748
1.69456
20.0693
1.69349
7.81828
1.6946
13.9422
20.0677
7.81843
7.81955
1.69509
1.67763
1.67724
1.67796
1.67802
1.67754
1.67803
1.67773
7.80494
1.67792
1.67759
7.80468
13.9342
1.67803
13.9498
1.67739
1.67814
7.80512
1.67807
7.80511
1.67771
7.78961
13.9121
7.78904
7.78837
1.66535
13.9136
1.66565
1.66557
13.907
7.78883
7.78816
1.66435
1.66553
1.66551
1.66562
1.66515
1.66525
13.9117
1.66513
1.6655
7.78821
1.66553
1.6533
1.65329
1.65377
7.77272
1.65384
7.77064
1.65352
7.77096
7.77536
1.65362
1.65295
13.9371
1.65366
1.65302
1.65368
1.65346
13.8923
7.7736
20.0136
7.77286
7.77288
1.65304
1.65366
20.0125
1.6403
7.75855
1.64127
1.64133
7.75686
1.64023
7.7585
1.64049
1.64051
7.75656
1.64115
13.873
1.64165
1.64159
1.64054
7.75735
1.64052
1.62754
7.74254
1.62667
7.74205
7.74505
7.74305
7.74389
7.74015
1.62722
7.74233
13.844
7.72806
1.61402
1.61417
7.72893
1.6141
7.72929
19.9582
1.61444
1.61387
1.61456
7.72445
1.61383
7.71596
7.71514
1.59889
1.59931
7.71392
7.71537
1.59893
7.71353
1.59873
1.59875
13.8308
7.71914
1.59841
1.59813
1.59862
1.59902
7.71339
7.71606
7.70118
7.6998
7.70057
7.70136
7.70103
7.70185
1.5856
1.58527
1.58555
7.70032
1.58551
13.8148
7.70281
13.8171
1.58558
1.58584
7.70148
1.58563
1.57431
13.8002
1.57384
1.57398
7.68705
1.57463
7.68692
19.9106
7.68693
7.68511
1.57449
7.68652
1.5741
1.57441
1.57425
13.8008
13.7832
1.56167
13.7825
1.56106
1.5617
1.56114
1.56142
1.56116
13.7865
13.7847
1.56129
1.56146
13.7831
7.67235
1.56147
19.8794
7.65861
7.66421
7.65833
7.65771
7.66008
1.54821
1.54856
1.54853
1.54831
7.6605
7.65819
1.54884
1.54876
19.8776
7.65751
7.65927
1.54788
1.52989
1.52908
7.64726
1.52979
1.53006
1.53003
13.7647
1.53006
1.53025
1.52979
1.53032
7.64716
7.64783
7.64962
13.7644
1.52979
7.64673
1.53011
7.62893
7.63569
19.863
7.63623
7.63322
7.6329
1.51807
1.51775
13.7482
1.51802
1.51763
1.51735
7.63383
13.7507
1.51817
1.51768
1.51824
7.63352
1.5083
7.61824
7.62137
1.50838
1.50885
7.61986
1.50827
1.50891
1.50865
7.60917
19.831
13.7196
7.60621
7.60645
1.49435
1.495
7.60719
1.49443
1.49503
1.49428
13.718
7.60758
7.60718
1.49542
7.6056
13.7057
7.59342
1.48305
13.7013
1.48307
13.7026
7.59613
13.6987
1.48279
7.59453
1.48242
7.59336
1.48299
13.7049
13.7039
7.595
1.48294
1.4828
13.7046
1.48206
7.59324
1.48321
25.8944
19.7963
7.57995
7.58169
7.58166
13.6874
1.47168
1.47302
1.47278
7.58558
1.47281
13.6889
13.6894
13.6817
1.47272
13.691
7.57248
1.45172
7.5711
13.6918
7.57069
1.45256
7.57001
13.6905
1.45212
7.5724
7.57108
1.45174
1.45242
1.45218
7.57018
1.45207
13.6892
1.45219
1.45218
7.59461
7.57053
7.56132
7.55742
1.43672
1.43728
13.6834
1.43672
7.56094
7.56336
1.43685
7.55944
7.55867
7.56065
7.55289
7.55908
7.56159
7.56179
1.42435
13.674
13.6719
1.42411
1.42443
1.42386
1.42391
1.42425
1.42465
7.54969
1.42383
7.54877
1.4245
1.42429
1.42424
1.42423
1.42403
7.54794
7.54904
7.55014
7.56025
7.53571
7.53826
1.41082
1.41065
7.5384
1.4103
7.53715
1.41065
7.53516
1.41018
7.53765
13.6649
1.41039
1.41024
7.53764
25.9189
7.52725
7.52969
7.52365
1.39586
1.39588
1.39622
7.52783
1.39659
1.39604
1.39563
13.6604
1.39641
1.39583
1.39618
1.39568
19.79
1.39617
13.6572
7.51281
1.38889
7.51174
1.389
1.38927
1.38906
1.38937
1.3894
1.38905
1.38913
13.6363
7.51308
7.5115
7.51428
13.6334
1.38883
7.4977
7.49874
1.38258
25.8409
1.38272
13.6126
1.38308
1.38351
13.6114
13.613
1.38337
1.37261
13.5954
7.48974
1.37191
19.7153
7.48513
1.37253
1.3726
1.37233
7.48501
7.50977
7.48664
1.37275
1.35909
19.7104
7.47512
7.47657
25.8208
13.5962
1.35916
1.3588
1.35817
1.35846
19.6746
13.5698
1.35336
13.5695
7.45772
7.46152
7.46142
7.46094
1.35378
19.6551
1.34608
1.34619
1.34662
1.34525
7.44814
1.34661
1.34579
7.44875
7.44911
1.34585
13.5526
1.33443
7.43796
1.33424
1.33409
7.43741
1.33407
13.5447
13.5397
1.33416
19.6456
7.43734
7.43816
7.43901
1.33412
13.5431
7.43803
7.43678
7.4242
1.33784
7.42565
13.509
7.4204
1.33774
13.5082
7.42309
7.424
7.42419
1.33811
1.33684
1.3373
7.42408
7.42313
1.332
7.41246
1.33229
7.41102
7.41273
13.5171
7.41257
1.33274
1.33292
7.41354
7.41265
7.41203
7.41132
1.31993
1.32029
1.32
7.40059
1.32062
1.32055
